0 0
1 0
2 0
2 1
3 0
3 3
4 0
4 1
4 2
4 4
5 0
5 2
5 3
6 0
6 1
6 3
6 4
6 5
7 0
7 3
7 5
7 6
7 7
8 0
8 1
8 2
8 5
8 7
8 8
9 0
9 2
9 3
9 4
9 7
9 9
10 0
10 1
10 3
10 7
10 8
11 0
11 3
11 4
11 5
11 6
11 8
11 9
11 10
11 11
12 0
12 1
12 2
12 4
12 6
12 7
12 9
12 11
12 12
13 0
13 2
13 3
13 6
13 9
13 10
13 12
13 13
14 0
14 1
14 3
14 4
14 5
14 9
14 12
14 14
15 0
15 3
15 5
15 6
15 7
15 8
15 12
15 13
15 15
16 0
16 1
16 2
16 5
16 7
16 12
16 15
16 16
17 0
17 2
17 3
17 4
17 7
17 8
17 9
17 10
17 11
17 15
17 17
18 0
18 1
18 3
18 7
18 9
18 11
18 12
18 13
18 14
18 17
18 18
19 0
19 3
19 4
19 5
19 6
19 9
19 10
19 12
19 14
19 15
19 16
19 18
20 0
20 1
20 2
20 4
20 6
20 7
20 8
20 10
20 11
20 14
20 16
20 17
20 20
21 0
21 2
21 3
21 6
21 8
21 9
21 11
21 12
21 13
21 16
21 20
21 21
22 0
22 1
22 3
22 4
22 5
22 8
22 11
22 13
22 14
22 15
22 20
23 0
23 3
23 5
23 6
23 7
23 11
23 12
23 14
23 20
23 21
23 22
24 0
24 1
24 2
24 5
24 7
24 8
24 9
24 10
24 12
24 13
24 20
24 22
24 23
25 0
25 2
25 3
25 4
25 7
25 9
25 12
25 20
25 21
25 23
25 24
25 25
26 0
26 1
26 3
26 7
26 8
26 12
26 13
26 14
26 15
26 16
26 17
26 18
26 19
26 21
26 22
26 24
27 0
27 3
27 4
27 5
27 6
27 8
27 9
27 10
27 11
27 13
27 15
27 17
27 19
27 20
27 22
27 23
28 0
28 1
28 2
28 4
28 6
28 7
28 9
28 11
28 12
28 15
28 16
28 19
28 22
29 0
29 2
29 3
29 6
29 9
29 10
29 12
29 13
29 14
29 16
29 17
29 18
29 22
29 23
29 24
29 25
29 26
29 27
29 28
29 29
30 0
30 1
30 3
30 4
30 5
30 9
30 12
30 14
30 15
30 17
30 22
30 24
30 26
30 28
31 0
31 3
31 5
31 6
31 7
31 8
31 12
31 13
31 15
31 16
31 22
31 23
31 26
31 27
32 0
32 1
32 2
32 5
32 7
32 12
32 15
32 22
32 26
32 32
33 0
33 2
33 3
33 4
33 7
33 8
33 9
33 10
33 11
33 15
33 16
33 17
33 18
33 19
33 20
33 21
33 26
33 27
33 28
33 29
33 30
33 31
33 33
34 0
34 1
34 3
34 7
34 9
34 11
34 12
34 13
34 14
34 16
34 18
34 20
34 26
34 28
34 30
34 33
34 34
35 0
35 3
35 4
35 5
35 6
35 9
35 10
35 12
35 14
35 15
35 18
35 19
35 26
35 27
35 30
35 31
35 32
35 34
35 35
36 0
36 1
36 2
36 4
36 6
36 7
36 8
36 10
36 11
36 14
36 18
36 26
36 30
36 32
36 33
36 35
36 36
37 0
37 2
37 3
37 6
37 8
37 9
37 11
37 12
37 13
37 18
37 19
37 20
37 21
37 22
37 23
37 24
37 25
37 30
37 31
37 33
37 34
37 36
37 37
38 0
38 1
38 3
38 4
38 5
38 8
38 11
38 13
38 14
38 15
38 16
38 17
38 19
38 21
38 23
38 25
38 26
38 27
38 28
38 29
38 31
38 32
38 34
38 35
38 37
39 0
39 3
39 5
39 6
39 7
39 11
39 12
39 14
39 16
39 19
39 20
39 23
39 24
39 26
39 28
39 31
39 34
39 37
39 38
40 0
40 1
40 2
40 5
40 7
40 8
40 9
40 10
40 12
40 13
40 16
40 17
40 18
40 20
40 21
40 22
40 24
40 25
40 28
40 29
40 30
40 34
40 35
40 36
40 38
40 39
40 40
41 0
41 2
41 3
41 4
41 7
41 9
41 12
41 16
41 18
41 19
41 21
41 24
41 28
41 30
41 31
41 32
41 33
41 35
41 38
41 40
41 41
42 0
42 1
42 3
42 7
42 8
42 12
42 13
42 14
42 15
42 18
42 21
42 22
42 23
42 28
42 29
42 31
42 33
42 34
42 38
42 39
42 41
42 42
43 0
43 3
43 4
43 5
43 6
43 8
43 9
43 10
43 11
43 13
43 15
43 16
43 17
43 21
43 23
43 24
43 25
43 26
43 27
43 29
43 30
43 33
43 38
43 41
44 0
44 1
44 2
44 4
44 6
44 7
44 9
44 11
44 12
44 15
44 17
44 18
44 19
44 20
44 23
44 25
44 27
44 28
44 30
44 31
44 32
44 38
44 39
44 40
44 44
45 0
45 2
45 3
45 6
45 9
45 10
45 12
45 13
45 14
45 17
45 19
45 23
45 24
45 27
45 30
45 32
45 33
45 34
45 35
45 36
45 37
45 39
45 44
45 45
46 0
46 1
46 3
46 4
46 5
46 9
46 12
46 14
46 15
46 16
46 19
46 20
46 21
46 22
46 24
46 25
46 26
46 30
46 31
46 33
46 35
46 37
46 38
46 44
47 0
47 3
47 5
47 6
47 7
47 8
47 12
47 13
47 15
47 19
47 21
47 24
47 26
47 27
47 28
47 29
47 31
47 32
47 35
47 36
47 38
47 39
47 40
47 41
47 42
47 43
48 0
48 1
48 2
48 5
48 7
48 12
48 15
48 16
48 17
48 18
48 21
48 22
48 23
48 26
48 28
48 31
48 35
48 38
48 40
48 42
49 0
49 2
49 3
49 4
49 7
49 8
49 9
49 10
49 11
49 15
49 17
49 21
49 23
49 24
49 25
49 28
49 29
49 30
49 35
49 36
49 37
49 40
49 41
50 0
50 1
50 3
50 7
50 9
50 11
50 12
50 13
50 14
50 17
50 18
50 19
50 20
50 23
50 25
50 26
50 27
50 29
50 35
50 37
50 38
50 39
50 41
50 42
50 43
50 44
50 45
50 46
50 47
50 48
50 49
50 50
51 0
51 3
51 4
51 5
51 6
51 9
51 10
51 12
51 14
51 15
51 16
51 18
51 20
51 21
51 22
51 25
51 27
51 28
51 35
51 36
51 38
51 41
51 43
51 45
51 47
51 49
51 51
52 0
52 1
52 2
52 4
52 6
52 7
52 8
52 10
52 11
52 14
52 16
52 17
52 20
52 22
52 23
52 24
52 27
52 35
52 38
52 39
52 40
52 43
52 44
52 47
52 48
52 51
52 52
53 0
53 2
53 3
53 6
53 8
53 9
53 11
53 12
53 13
53 16
53 20
53 21
53 23
53 27
53 28
53 29
53 30
53 31
53 32
53 33
53 34
53 38
53 40
53 41
53 42
53 44
53 45
53 46
53 48
53 49
53 50
53 52
53 53
54 0
54 1
54 3
54 4
54 5
54 8
54 11
54 13
54 14
54 15
54 20
54 23
54 24
54 25
54 26
54 28
54 30
54 32
54 34
54 35
54 36
54 37
54 40
54 42
54 43
54 45
54 48
54 50
54 51
54 53
55 0
55 3
55 5
55 6
55 7
55 11
55 12
55 14
55 20
55 21
55 22
55 24
55 26
55 27
55 30
55 31
55 34
55 36
55 40
55 41
55 43
55 44
55 48
55 49
55 51
55 52
56 0
56 1
56 2
56 5
56 7
56 8
56 9
56 10
56 12
56 13
56 20
56 22
56 23
56 26
56 30
56 34
56 35
56 40
56 43
56 48
56 51
57 0
57 2
57 3
57 4
57 7
57 9
57 12
57 20
57 21
57 23
57 24
57 25
57 30
57 31
57 32
57 33
57 35
57 36
57 37
57 38
57 39
57 43
57 44
57 45
57 46
57 47
57 51
57 52
57 53
57 54
57 55
57 56
58 0
58 1
58 3
58 7
58 8
58 12
58 13
58 14
58 15
58 16
58 17
58 18
58 19
58 21
58 22
58 24
58 30
58 32
58 35
58 37
58 39
58 40
58 41
58 42
58 44
58 46
58 51
58 53
58 55
59 0
59 3
59 4
59 5
59 6
59 8
59 9
59 10
59 11
59 13
59 15
59 17
59 19
59 20
59 22
59 23
59 30
59 31
59 35
59 36
59 39
59 41
59 44
59 45
59 51
59 52
59 55
59 56
59 57
59 58
60 0
60 1
60 2
60 4
60 6
60 7
60 9
60 11
60 12
60 15
60 16
60 19
60 22
60 30
60 35
60 39
60 40
60 44
60 51
60 55
60 57
61 0
61 2
61 3
61 6
61 9
61 10
61 12
61 13
61 14
61 16
61 17
61 18
61 22
61 23
61 24
61 25
61 26
61 27
61 28
61 29
61 35
61 36
61 37
61 38
61 40
61 41
61 42
61 43
61 51
61 52
61 53
61 54
61 57
61 58
61 59
61 60
62 0
62 1
62 3
62 4
62 5
62 9
62 12
62 14
62 15
62 17
62 22
62 24
62 26
62 28
62 35
62 37
62 40
62 42
62 51
62 53
62 57
62 59
63 0
63 3
63 5
63 6
63 7
63 8
63 12
63 13
63 15
63 16
63 22
63 23
63 26
63 27
63 35
63 36
63 40
63 41
63 51
63 52
63 57
63 58
64 0
64 1
64 2
64 5
64 7
64 12
64 15
64 22
64 26
64 35
64 40
64 51
64 57
64 64
65 0
65 2
65 3
65 4
65 7
65 8
65 9
65 10
65 11
65 15
65 16
65 17
65 18
65 19
65 20
65 21
65 26
65 27
65 28
65 29
65 30
65 31
65 32
65 33
65 34
65 40
65 41
65 42
65 43
65 44
65 45
65 46
65 47
65 48
65 49
65 50
65 57
65 58
65 59
65 60
65 61
65 62
65 63
65 65
66 0
66 1
66 3
66 7
66 9
66 11
66 12
66 13
66 14
66 16
66 18
66 20
66 26
66 28
66 30
66 32
66 34
66 35
66 36
66 37
66 38
66 39
66 41
66 43
66 45
66 47
66 49
66 57
66 59
66 61
66 63
66 64
67 0
67 3
67 4
67 5
67 6
67 9
67 10
67 12
67 14
67 15
67 18
67 19
67 26
67 27
67 30
67 31
67 34
67 36
67 38
67 41
67 42
67 45
67 46
67 49
67 50
67 51
67 52
67 53
67 54
67 55
67 56
67 59
67 60
67 63
68 0
68 1
68 2
68 4
68 6
68 7
68 8
68 10
68 11
68 14
68 18
68 26
68 30
68 34
68 35
68 38
68 39
68 40
68 42
68 43
68 44
68 46
68 47
68 48
68 50
68 52
68 54
68 56
68 57
68 58
68 60
68 61
68 62
69 0
69 2
69 3
69 6
69 8
69 9
69 11
69 12
69 13
69 18
69 19
69 20
69 21
69 22
69 23
69 24
69 25
69 30
69 31
69 32
69 33
69 35
69 36
69 37
69 39
69 42
69 44
69 45
69 47
69 50
69 51
69 54
69 55
69 57
69 60
69 62
69 63
69 64
69 65
69 66
69 67
69 68
70 0
70 1
70 3
70 4
70 5
70 8
70 11
70 13
70 14
70 15
70 16
70 17
70 19
70 21
70 23
70 25
70 26
70 27
70 28
70 29
70 31
70 33
70 34
70 36
70 39
70 40
70 41
70 44
70 47
70 48
70 49
70 51
70 52
70 53
70 55
70 56
70 60
70 61
70 63
70 65
70 67
70 70
71 0
71 3
71 5
71 6
71 7
71 11
71 12
71 14
71 16
71 19
71 20
71 23
71 24
71 26
71 28
71 31
71 32
71 34
71 35
71 39
71 41
71 42
71 43
71 47
71 49
71 50
71 52
71 55
71 60
71 63
71 64
71 67
71 68
71 69
71 71
72 0
72 1
72 2
72 5
72 7
72 8
72 9
72 10
72 12
72 13
72 16
72 17
72 18
72 20
72 21
72 22
72 24
72 25
72 28
72 29
72 30
72 32
72 33
72 35
72 36
72 37
72 38
72 41
72 43
72 44
72 45
72 46
72 49
72 52
72 53
72 54
72 60
72 61
72 62
72 64
72 65
72 66
72 68
72 71
72 72
73 0
73 2
73 3
73 4
73 7
73 9
73 12
73 16
73 18
73 19
73 21
73 24
73 28
73 30
73 31
73 33
73 34
73 36
73 38
73 39
73 40
73 43
73 45
73 49
73 50
73 51
73 53
73 60
73 62
73 63
73 65
73 68
73 69
73 70
73 72
74 0
74 1
74 3
74 7
74 8
74 12
74 13
74 14
74 15
74 18
74 21
74 22
74 23
74 28
74 29
74 31
74 32
74 34
74 35
74 38
74 40
74 41
74 42
74 45
74 46
74 47
74 48
74 50
74 53
74 54
74 55
74 56
74 57
74 58
74 59
74 62
74 65
74 66
74 67
74 69
74 72
74 73
75 0
75 3
75 4
75 5
75 6
75 8
75 9
75 10
75 11
75 13
75 15
75 16
75 17
75 21
75 23
75 24
75 25
75 26
75 27
75 29
75 30
75 32
75 33
75 35
75 36
75 37
75 40
75 42
75 43
75 44
75 46
75 48
75 49
75 53
75 55
75 57
75 59
75 60
75 61
75 65
75 67
75 68
75 72
75 75
76 0
76 1
76 2
76 4
76 6
76 7
76 9
76 11
76 12
76 15
76 17
76 18
76 19
76 20
76 23
76 25
76 27
76 28
76 30
76 31
76 33
76 34
76 36
76 40
76 41
76 43
76 46
76 47
76 49
76 50
76 51
76 52
76 55
76 56
76 59
76 61
76 62
76 63
76 64
76 67
76 72
76 73
76 74
76 76
77 0
77 2
77 3
77 6
77 9
77 10
77 12
77 13
77 14
77 17
77 19
77 23
77 24
77 27
77 30
77 33
77 36
77 37
77 38
77 39
77 41
77 42
77 46
77 49
77 51
77 55
77 59
77 60
77 62
77 64
77 65
77 66
77 72
77 74
77 75
78 0
78 1
78 3
78 4
78 5
78 9
78 12
78 14
78 15
78 16
78 19
78 20
78 21
78 22
78 24
78 25
78 26
78 30
78 31
78 32
78 36
78 38
78 41
78 46
78 47
78 48
78 51
78 52
78 53
78 54
78 59
78 62
78 63
78 65
78 72
78 73
78 75
78 76
78 77
79 0
79 3
79 5
79 6
79 7
79 8
79 12
79 13
79 15
79 19
79 21
79 24
79 26
79 27
79 28
79 29
79 31
79 36
79 37
79 41
79 42
79 43
79 44
79 45
79 47
79 51
79 53
79 59
79 60
79 61
79 63
79 64
79 72
79 75
79 77
79 78
80 0
80 1
80 2
80 5
80 7
80 12
80 15
80 16
80 17
80 18
80 21
80 22
80 23
80 26
80 28
80 31
80 32
80 33
80 34
80 35
80 37
80 38
80 39
80 40
80 42
80 44
80 47
80 48
80 49
80 50
80 53
80 54
80 55
80 56
80 57
80 58
80 60
80 63
80 72
80 73
80 74
80 77
81 0
81 2
81 3
81 4
81 7
81 8
81 9
81 10
81 11
81 15
81 17
81 21
81 23
81 24
81 25
81 28
81 29
81 30
81 32
81 34
81 37
81 39
81 42
81 43
81 47
81 49
81 53
81 55
81 57
81 60
81 61
81 62
81 72
81 74
81 75
81 76
82 0
82 1
82 3
82 7
82 9
82 11
82 12
82 13
82 14
82 17
82 18
82 19
82 20
82 23
82 25
82 26
82 27
82 29
82 32
82 33
82 37
82 38
82 42
82 47
82 48
82 53
82 54
82 57
82 58
82 59
82 61
82 72
82 73
82 75
83 0
83 3
83 4
83 5
83 6
83 9
83 10
83 12
83 14
83 15
83 16
83 18
83 20
83 21
83 22
83 25
83 27
83 28
83 32
83 37
83 42
83 43
83 44
83 45
83 46
83 48
83 49
83 50
83 51
83 52
83 54
83 55
83 56
83 58
83 61
83 62
83 63
83 64
83 65
83 66
83 67
83 68
83 69
83 70
83 71
83 73
83 74
84 0
84 1
84 2
84 4
84 6
84 7
84 8
84 10
84 11
84 14
84 16
84 17
84 20
84 22
84 23
84 24
84 27
84 32
84 33
84 34
84 35
84 36
84 42
84 44
84 46
84 47
84 49
84 51
84 54
84 56
84 57
84 61
84 63
84 65
84 67
84 69
84 71
84 72
84 74
84 75
84 76
84 77
84 78
84 79
84 80
84 81
84 82
84 83
84 84
85 0
85 2
85 3
85 6
85 8
85 9
85 11
85 12
85 13
85 16
85 20
85 21
85 23
85 27
85 28
85 29
85 30
85 31
85 33
85 35
85 42
85 43
85 46
85 49
85 50
85 54
85 55
85 57
85 58
85 59
85 60
85 63
85 64
85 67
85 68
85 71
85 74
85 76
85 78
85 80
85 82
85 84
86 0
86 1
86 3
86 4
86 5
86 8
86 11
86 13
86 14
86 15
86 20
86 23
86 24
86 25
86 26
86 28
86 30
86 33
86 34
86 42
86 46
86 47
86 48
86 50
86 51
86 52
86 53
86 55
86 56
86 58
86 60
86 61
86 62
86 64
86 65
86 66
86 68
86 69
86 70
86 74
86 75
86 78
86 79
86 82
86 83
87 0
87 3
87 5
87 6
87 7
87 11
87 12
87 14
87 20
87 21
87 22
87 24
87 26
87 27
87 30
87 31
87 32
87 34
87 35
87 36
87 37
87 38
87 39
87 40
87 41
87 46
87 48
87 49
87 51
87 53
87 54
87 56
87 57
87 60
87 62
87 63
87 65
87 68
87 70
87 71
87 72
87 73
87 75
87 76
87 77
87 79
87 80
87 81
87 83
87 84
87 85
87 86
88 0
88 1
88 2
88 5
88 7
88 8
88 9
88 10
88 12
88 13
88 20
88 22
88 23
88 26
88 30
88 32
88 33
88 35
88 37
88 39
88 41
88 42
88 43
88 44
88 45
88 48
88 51
88 52
88 54
88 55
88 57
88 58
88 59
88 62
88 65
88 66
88 67
88 70
88 72
88 75
88 77
88 78
88 80
88 83
88 85
89 0
89 2
89 3
89 4
89 7
89 9
89 12
89 20
89 21
89 23
89 24
89 25
89 30
89 31
89 33
89 34
89 37
89 38
89 41
89 43
89 45
89 46
89 47
89 51
89 54
89 57
89 59
89 60
89 61
89 65
89 67
89 68
89 69
89 72
89 73
89 74
89 77
89 80
89 81
89 82
89 85
89 86
89 87
89 88
90 0
90 1
90 3
90 7
90 8
90 12
90 13
90 14
90 15
90 16
90 17
90 18
90 19
90 21
90 22
90 24
90 30
90 33
90 37
90 41
90 42
90 45
90 47
90 48
90 49
90 50
90 54
90 55
90 56
90 59
90 61
90 62
90 63
90 64
90 67
90 69
90 70
90 71
90 73
90 77
90 78
90 79
90 81
90 85
90 87
91 0
91 3
91 4
91 5
91 6
91 8
91 9
91 10
91 11
91 13
91 15
91 17
91 19
91 20
91 22
91 23
91 30
91 31
91 32
91 37
91 38
91 39
91 40
91 42
91 43
91 44
91 47
91 49
91 54
91 56
91 57
91 58
91 61
91 63
91 67
91 68
91 70
91 73
91 74
91 75
91 76
91 78
91 81
91 82
91 83
91 84
91 87
91 88
91 89
91 90
92 0
92 1
92 2
92 4
92 6
92 7
92 9
92 11
92 12
92 15
92 16
92 19
92 22
92 30
92 32
92 33
92 34
92 35
92 36
92 38
92 40
92 41
92 43
92 47
92 48
92 54
92 55
92 57
92 61
92 62
92 67
92 70
92 71
92 72
92 74
92 76
92 77
92 81
92 83
92 87
92 89
92 92
93 0
93 2
93 3
93 6
93 9
93 10
93 12
93 13
93 14
93 16
93 17
93 18
93 22
93 23
93 24
93 25
93 26
93 27
93 28
93 29
93 32
93 34
93 36
93 37
93 40
93 43
93 44
93 45
93 46
93 48
93 49
93 50
93 51
93 52
93 53
93 55
93 56
93 61
93 67
93 68
93 69
93 71
93 74
93 75
93 77
93 78
93 79
93 80
93 83
93 84
93 85
93 86
93 89
93 90
93 91
93 93
94 0
94 1
94 3
94 4
94 5
94 9
94 12
94 14
94 15
94 17
94 22
94 24
94 26
94 28
94 32
94 33
94 36
94 40
94 41
94 42
94 44
94 46
94 47
94 49
94 51
94 53
94 54
94 56
94 57
94 58
94 59
94 60
94 67
94 69
94 70
94 74
94 77
94 79
94 83
94 85
94 89
94 91
94 92
94 94
95 0
95 3
95 5
95 6
95 7
95 8
95 12
95 13
95 15
95 16
95 22
95 23
95 26
95 27
95 32
95 36
95 37
95 38
95 39
95 41
95 44
95 45
95 47
95 48
95 51
95 52
95 54
95 55
95 57
95 59
95 67
95 68
95 70
95 71
95 72
95 73
95 77
95 78
95 83
95 84
95 89
95 90
95 92
95 93
96 0
96 1
96 2
96 5
96 7
96 12
96 15
96 22
96 26
96 32
96 33
96 34
96 35
96 37
96 39
96 40
96 44
96 47
96 51
96 54
96 57
96 58
96 67
96 70
96 72
96 77
96 83
96 89
96 92
97 0
97 2
97 3
97 4
97 7
97 8
97 9
97 10
97 11
97 15
97 16
97 17
97 18
97 19
97 20
97 21
97 26
97 27
97 28
97 29
97 30
97 31
97 33
97 35
97 36
97 39
97 44
97 45
97 46
97 51
97 52
97 53
97 57
97 67
97 68
97 69
97 72
97 73
97 74
97 75
97 76
97 83
97 84
97 85
97 86
97 87
97 88
97 92
97 93
97 94
97 95
97 96
97 97
98 0
98 1
98 3
98 7
98 9
98 11
98 12
98 13
98 14
98 16
98 18
98 20
98 26
98 28
98 30
98 33
98 34
98 36
98 37
98 38
98 44
98 46
98 47
98 48
98 49
98 50
98 52
98 57
98 58
98 59
98 60
98 61
98 62
98 63
98 64
98 65
98 66
98 68
98 72
98 74
98 76
98 77
98 78
98 79
98 80
98 81
98 82
98 84
98 86
98 88
98 89
98 90
98 91
98 93
98 95
98 97
99 0
99 3
99 4
99 5
99 6
99 9
99 10
99 12
99 14
99 15
99 18
99 19
99 26
99 27
99 30
99 31
99 32
99 34
99 35
99 37
99 44
99 45
99 47
99 49
99 52
99 53
99 54
99 55
99 56
99 58
99 60
99 62
99 64
99 66
99 67
99 72
99 73
99 76
99 78
99 80
99 82
99 83
99 86
99 87
99 89
99 91
99 92
99 95
99 96
99 99
100 0
100 1
100 2
100 4
100 6
100 7
100 8
100 10
100 11
100 14
100 18
100 26
100 30
100 32
100 33
100 35
100 36
100 44
100 47
100 48
100 52
100 54
100 56
100 57
100 60
100 61
100 64
100 65
100 67
100 68
100 69
100 70
100 71
100 73
100 74
100 75
100 78
100 79
100 82
100 86
100 89
100 90
100 92
100 93
100 94
100 96
100 97
100 98
101 0
101 2
101 3
101 6
101 8
101 9
101 11
101 12
101 13
101 18
101 19
101 20
101 21
101 22
101 23
101 24
101 25
101 30
101 31
101 33
101 34
101 36
101 37
101 38
101 39
101 40
101 41
101 42
101 43
101 47
101 52
101 53
101 56
101 60
101 64
101 67
101 69
101 71
101 72
101 74
101 78
101 82
101 83
101 84
101 85
101 89
101 92
101 94
101 95
101 97
101 101
102 0
102 1
102 3
102 4
102 5
102 8
102 11
102 13
102 14
102 15
102 16
102 17
102 19
102 21
102 23
102 25
102 26
102 27
102 28
102 29
102 31
102 32
102 34
102 35
102 37
102 39
102 41
102 43
102 44
102 45
102 46
102 52
102 56
102 57
102 58
102 59
102 64
102 65
102 66
102 69
102 70
102 72
102 73
102 78
102 79
102 80
102 81
102 83
102 85
102 86
102 87
102 88
102 92
102 93
102 95
102 96
102 101
103 0
103 3
103 5
103 6
103 7
103 11
103 12
103 14
103 16
103 19
103 20
103 23
103 24
103 26
103 28
103 31
103 34
103 37
103 38
103 41
103 42
103 44
103 46
103 47
103 48
103 49
103 50
103 51
103 56
103 58
103 64
103 66
103 67
103 68
103 70
103 71
103 73
103 74
103 75
103 76
103 77
103 79
103 81
103 82
103 85
103 87
103 92
103 95
103 101
103 102
104 0
104 1
104 2
104 5
104 7
104 8
104 9
104 10
104 12
104 13
104 16
104 17
104 18
104 20
104 21
104 22
104 24
104 25
104 28
104 29
104 30
104 34
104 35
104 36
104 38
104 39
104 40
104 42
104 43
104 46
104 48
104 50
104 56
104 57
104 64
104 65
104 67
104 70
104 73
104 75
104 77
104 78
104 81
104 85
104 86
104 92
104 93
104 94
104 101
105 0
105 2
105 3
105 4
105 7
105 9
105 12
105 16
105 18
105 19
105 21
105 24
105 28
105 30
105 31
105 32
105 33
105 35
105 38
105 40
105 41
105 43
105 44
105 45
105 48
105 49
105 56
105 64
105 67
105 68
105 69
105 73
105 74
105 77
105 81
105 82
105 83
105 84
105 86
105 87
105 88
105 89
105 90
105 91
105 93
105 101
105 102
105 103
105 104
105 105
106 0
106 1
106 3
106 7
106 8
106 12
106 13
106 14
106 15
106 18
106 21
106 22
106 23
106 28
106 29
106 31
106 33
106 34
106 38
106 39
106 41
106 42
106 44
106 48
106 56
106 57
106 58
106 59
106 60
106 61
106 62
106 63
106 67
106 69
106 70
106 71
106 72
106 74
106 75
106 76
106 81
106 83
106 86
106 88
106 90
106 93
106 94
106 95
106 96
106 97
106 98
106 99
106 100
106 102
106 104
106 106
107 0
107 3
107 4
107 5
107 6
107 8
107 9
107 10
107 11
107 13
107 15
107 16
107 17
107 21
107 23
107 24
107 25
107 26
107 27
107 29
107 30
107 33
107 38
107 41
107 44
107 45
107 46
107 47
107 56
107 58
107 60
107 62
107 67
107 68
107 70
107 72
107 73
107 75
107 81
107 82
107 86
107 87
107 90
107 91
107 92
107 94
107 96
107 98
107 100
107 101
107 104
107 105
108 0
108 1
108 2
108 4
108 6
108 7
108 9
108 11
108 12
108 15
108 17
108 18
108 19
108 20
108 23
108 25
108 27
108 28
108 30
108 31
108 32
108 38
108 39
108 40
108 44
108 46
108 56
108 57
108 60
108 61
108 67
108 70
108 71
108 73
108 74
108 81
108 86
108 90
108 92
108 93
108 96
108 97
108 100
108 104
108 108
109 0
109 2
109 3
109 6
109 9
109 10
109 12
109 13
109 14
109 17
109 19
109 23
109 24
109 27
109 30
109 32
109 33
109 34
109 35
109 36
109 37
109 39
109 44
109 45
109 56
109 60
109 67
109 68
109 69
109 71
109 72
109 74
109 75
109 76
109 77
109 78
109 79
109 80
109 86
109 87
109 88
109 89
109 92
109 96
109 100
109 101
109 102
109 103
109 108
109 109
110 0
110 1
110 3
110 4
110 5
110 9
110 12
110 14
110 15
110 16
110 19
110 20
110 21
110 22
110 24
110 25
110 26
110 30
110 31
110 33
110 35
110 37
110 38
110 44
110 56
110 57
110 58
110 59
110 67
110 69
110 70
110 72
110 73
110 75
110 77
110 79
110 86
110 88
110 92
110 93
110 94
110 95
110 100
110 102
110 108
110 110
111 0
111 3
111 5
111 6
111 7
111 8
111 12
111 13
111 15
111 19
111 21
111 24
111 26
111 27
111 28
111 29
111 31
111 32
111 35
111 36
111 38
111 39
111 40
111 41
111 42
111 43
111 56
111 58
111 67
111 68
111 70
111 71
111 73
111 74
111 77
111 78
111 86
111 87
111 92
111 94
111 100
111 101
111 108
111 109
112 0
112 1
112 2
112 5
112 7
112 12
112 15
112 16
112 17
112 18
112 21
112 22
112 23
112 26
112 28
112 31
112 35
112 38
112 40
112 42
112 56
112 57
112 67
112 70
112 73
112 77
112 86
112 92
112 93
112 100
112 108
113 0
113 2
113 3
113 4
113 7
113 8
113 9
113 10
113 11
113 15
113 17
113 21
113 23
113 24
113 25
113 28
113 29
113 30
113 35
113 36
113 37
113 40
113 41
113 56
113 67
113 68
113 69
113 73
113 74
113 75
113 76
113 86
113 87
113 88
113 89
113 90
113 91
113 93
113 94
113 95
113 96
113 97
113 98
113 99
113 108
113 109
113 110
113 111
113 112
113 113
114 0
114 1
114 3
114 7
114 9
114 11
114 12
114 13
114 14
114 17
114 18
114 19
114 20
114 23
114 25
114 26
114 27
114 29
114 35
114 37
114 38
114 39
114 41
114 42
114 43
114 44
114 45
114 46
114 47
114 48
114 49
114 50
114 51
114 52
114 53
114 54
114 55
114 67
114 69
114 70
114 71
114 72
114 74
114 76
114 77
114 78
114 79
114 80
114 81
114 82
114 83
114 84
114 85
114 87
114 89
114 91
114 92
114 94
114 96
114 98
114 108
114 110
114 112
114 114
115 0
115 3
115 4
115 5
115 6
115 9
115 10
115 12
115 14
115 15
115 16
115 18
115 20
115 21
115 22
115 25
115 27
115 28
115 35
115 36
115 38
115 41
115 43
115 45
115 47
115 49
115 51
115 53
115 55
115 56
115 57
115 58
115 59
115 60
115 61
115 62
115 63
115 64
115 65
115 66
115 69
115 71
115 74
115 75
115 77
115 79
115 81
115 83
115 85
115 86
115 89
115 90
115 92
115 93
115 96
115 97
115 108
115 109
115 112
115 113
116 0
116 1
116 2
116 4
116 6
116 7
116 8
116 10
116 11
116 14
116 16
116 17
116 20
116 22
116 23
116 24
116 27
116 35
116 38
116 39
116 40
116 43
116 44
116 47
116 48
116 51
116 52
116 55
116 57
116 59
116 61
116 63
116 65
116 69
116 70
116 74
116 77
116 78
116 81
116 82
116 85
116 89
116 92
116 96
116 108
116 112
117 0
117 2
117 3
117 6
117 8
117 9
117 11
117 12
117 13
117 16
117 20
117 21
117 23
117 27
117 28
117 29
117 30
117 31
117 32
117 33
117 34
117 38
117 40
117 41
117 42
117 44
117 45
117 46
117 48
117 49
117 50
117 52
117 53
117 54
117 57
117 58
117 61
117 62
117 65
117 66
117 67
117 68
117 70
117 71
117 72
117 73
117 77
117 81
117 85
117 86
117 87
117 88
117 92
117 93
117 94
117 95
117 108
117 109
117 110
117 111
117 117
118 0
118 1
118 3
118 4
118 5
118 8
118 11
118 13
118 14
118 15
118 20
118 23
118 24
118 25
118 26
118 28
118 30
118 32
118 34
118 35
118 36
118 37
118 40
118 42
118 43
118 45
118 48
118 50
118 51
118 53
118 57
118 61
118 65
118 67
118 70
118 72
118 77
118 78
118 79
118 80
118 85
118 87
118 92
118 94
118 108
118 110
118 117
119 0
119 3
119 5
119 6
119 7
119 11
119 12
119 14
119 20
119 21
119 22
119 24
119 26
119 27
119 30
119 31
119 34
119 36
119 40
119 41
119 43
119 44
119 48
119 49
119 51
119 52
119 57
119 58
119 59
119 60
119 65
119 66
119 70
119 71
119 77
119 79
119 85
119 86
119 92
119 93
119 108
119 109
119 117
119 118
120 0
120 1
120 2
120 5
120 7
120 8
120 9
120 10
120 12
120 13
120 20
120 22
120 23
120 26
120 30
120 34
120 35
120 40
120 43
120 48
120 51
120 57
120 59
120 65
120 70
120 77
120 78
120 85
120 92
120 108
120 117
121 0
121 2
121 3
121 4
121 7
121 9
121 12
121 20
121 21
121 23
121 24
121 25
121 30
121 31
121 32
121 33
121 35
121 36
121 37
121 38
121 39
121 43
121 44
121 45
121 46
121 47
121 51
121 52
121 53
121 54
121 55
121 56
121 59
121 60
121 61
121 62
121 63
121 64
121 70
121 71
121 72
121 73
121 74
121 75
121 76
121 78
121 79
121 80
121 81
121 82
121 83
121 84
121 92
121 93
121 94
121 95
121 96
121 97
121 98
121 99
121 100
121 101
121 102
121 103
121 104
121 105
121 106
121 107
121 117
121 118
121 119
121 120
121 121
122 0
122 1
122 3
122 7
122 8
122 12
122 13
122 14
122 15
122 16
122 17
122 18
122 19
122 21
122 22
122 24
122 30
122 32
122 35
122 37
122 39
122 40
122 41
122 42
122 44
122 46
122 51
122 53
122 55
122 59
122 61
122 63
122 70
122 72
122 74
122 76
122 77
122 79
122 81
122 83
122 92
122 94
122 96
122 98
122 100
122 102
122 104
122 106
122 117
122 119
122 121
123 0
123 3
123 4
123 5
123 6
123 8
123 9
123 10
123 11
123 13
123 15
123 17
123 19
123 20
123 22
123 23
123 30
123 31
123 35
123 36
123 39
123 41
123 44
123 45
123 51
123 52
123 55
123 56
123 57
123 58
123 61
123 62
123 70
123 71
123 74
123 75
123 77
123 78
123 81
123 82
123 92
123 93
123 96
123 97
123 100
123 101
123 104
123 105
123 117
123 118
123 121
123 122
124 0
124 1
124 2
124 4
124 6
124 7
124 9
124 11
124 12
124 15
124 16
124 19
124 22
124 30
124 35
124 39
124 40
124 44
124 51
124 55
124 57
124 61
124 70
124 74
124 77
124 81
124 92
124 96
124 100
124 104
124 117
124 121
125 0
125 2
125 3
125 6
125 9
125 10
125 12
125 13
125 14
125 16
125 17
125 18
125 22
125 23
125 24
125 25
125 26
125 27
125 28
125 29
125 35
125 36
125 37
125 38
125 40
125 41
125 42
125 43
125 51
125 52
125 53
125 54
125 57
125 58
125 59
125 60
125 70
125 71
125 72
125 73
125 77
125 78
125 79
125 80
125 92
125 93
125 94
125 95
125 100
125 101
125 102
125 103
125 117
125 118
125 119
125 120
126 0
126 1
126 3
126 4
126 5
126 9
126 12
126 14
126 15
126 17
126 22
126 24
126 26
126 28
126 35
126 37
126 40
126 42
126 51
126 53
126 57
126 59
126 70
126 72
126 77
126 79
126 92
126 94
126 100
126 102
126 117
126 119
126 126
127 0
127 3
127 5
127 6
127 7
127 8
127 12
127 13
127 15
127 16
127 22
127 23
127 26
127 27
127 35
127 36
127 40
127 41
127 51
127 52
127 57
127 58
127 70
127 71
127 77
127 78
127 92
127 93
127 100
127 101
127 117
127 118
127 126
127 127
128 0
128 1
128 2
128 5
128 7
128 12
128 15
128 22
128 26
128 35
128 40
128 51
128 57
128 70
128 77
128 92
128 100
128 117
128 126
128 128
129 0
129 2
129 3
129 4
129 7
129 8
129 9
129 10
129 11
129 15
129 16
129 17
129 18
129 19
129 20
129 21
129 26
129 27
129 28
129 29
129 30
129 31
129 32
129 33
129 34
129 40
129 41
129 42
129 43
129 44
129 45
129 46
129 47
129 48
129 49
129 50
129 57
129 58
129 59
129 60
129 61
129 62
129 63
129 64
129 65
129 66
129 67
129 68
129 69
129 77
129 78
129 79
129 80
129 81
129 82
129 83
129 84
129 85
129 86
129 87
129 88
129 89
129 90
129 91
129 100
129 101
129 102
129 103
129 104
129 105
129 106
129 107
129 108
129 109
129 110
129 111
129 112
129 113
129 114
129 115
129 116
129 126
129 127
129 129
130 0
130 1
130 3
130 7
130 9
130 11
130 12
130 13
130 14
130 16
130 18
130 20
130 26
130 28
130 30
130 32
130 34
130 35
130 36
130 37
130 38
130 39
130 41
130 43
130 45
130 47
130 49
130 57
130 59
130 61
130 63
130 65
130 67
130 69
130 70
130 71
130 72
130 73
130 74
130 75
130 76
130 78
130 80
130 82
130 84
130 86
130 88
130 90
130 100
130 102
130 104
130 106
130 108
130 110
130 112
130 114
130 116
130 117
130 118
130 119
130 120
130 121
130 122
130 123
130 124
130 125
130 127
130 128
131 0
131 3
131 4
131 5
131 6
131 9
131 10
131 12
131 14
131 15
131 18
131 19
131 26
131 27
131 30
131 31
131 34
131 36
131 38
131 41
131 42
131 45
131 46
131 49
131 50
131 51
131 52
131 53
131 54
131 55
131 56
131 59
131 60
131 63
131 64
131 67
131 68
131 70
131 72
131 74
131 76
131 77
131 80
131 81
131 84
131 85
131 88
131 89
131 100
131 101
131 104
131 105
131 108
131 109
131 112
131 113
131 116
131 118
131 120
131 122
131 124
131 127
132 0
132 1
132 2
132 4
132 6
132 7
132 8
132 10
132 11
132 14
132 18
132 26
132 30
132 34
132 35
132 38
132 39
132 40
132 42
132 43
132 44
132 46
132 47
132 48
132 50
132 52
132 54
132 56
132 57
132 58
132 60
132 61
132 62
132 64
132 65
132 66
132 68
132 69
132 72
132 73
132 76
132 80
132 84
132 88
132 100
132 104
132 108
132 112
132 116
132 117
132 120
132 121
132 124
132 125
132 126
133 0
133 2
133 3
133 6
133 8
133 9
133 11
133 12
133 13
133 18
133 19
133 20
133 21
133 22
133 23
133 24
133 25
133 30
133 31
133 32
133 33
133 35
133 36
133 37
133 39
133 42
133 44
133 45
133 47
133 50
133 51
133 54
133 55
133 57
133 60
133 62
133 63
133 65
133 68
133 72
133 76
133 77
133 78
133 79
133 84
133 85
133 86
133 87
133 100
133 101
133 102
133 103
133 108
133 109
133 110
133 111
133 116
133 120
133 124
133 126
133 127
133 128
133 129
133 130
133 131
133 132
134 0
134 1
134 3
134 4
134 5
134 8
134 11
134 13
134 14
134 15
134 16
134 17
134 19
134 21
134 23
134 25
134 26
134 27
134 28
134 29
134 31
134 33
134 34
134 36
134 39
134 40
134 41
134 44
134 47
134 48
134 49
134 51
134 52
134 53
134 55
134 56
134 60
134 61
134 63
134 64
134 68
134 69
134 70
134 71
134 76
134 78
134 84
134 86
134 100
134 102
134 108
134 110
134 116
134 117
134 118
134 119
134 124
134 125
134 127
134 129
134 131
135 0
135 3
135 5
135 6
135 7
135 11
135 12
135 14
135 16
135 19
135 20
135 23
135 24
135 26
135 28
135 31
135 32
135 34
135 35
135 39
135 41
135 42
135 43
135 47
135 49
135 50
135 52
135 55
135 60
135 63
135 68
135 70
135 76
135 77
135 84
135 85
135 100
135 101
135 108
135 109
135 116
135 118
135 124
135 127
135 128
135 131
135 132
135 133
135 134
136 0
136 1
136 2
136 5
136 7
136 8
136 9
136 10
136 12
136 13
136 16
136 17
136 18
136 20
136 21
136 22
136 24
136 25
136 28
136 29
136 30
136 32
136 33
136 35
136 36
136 37
136 38
136 41
136 43
136 44
136 45
136 46
136 49
136 52
136 53
136 54
136 60
136 61
136 62
136 68
136 69
136 76
136 84
136 100
136 108
136 116
136 117
136 124
136 125
136 126
136 128
136 129
136 130
136 132
136 134
136 135
136 136
137 0
137 2
137 3
137 4
137 7
137 9
137 12
137 16
137 18
137 19
137 21
137 24
137 28
137 30
137 31
137 33
137 34
137 36
137 38
137 39
137 40
137 43
137 45
137 49
137 50
137 51
137 53
137 60
137 62
137 63
137 64
137 65
137 66
137 67
137 69
137 70
137 71
137 72
137 73
137 74
137 75
137 84
137 85
137 86
137 87
137 88
137 89
137 90
137 91
137 92
137 93
137 94
137 95
137 96
137 97
137 98
137 99
137 108
137 109
137 110
137 111
137 112
137 113
137 114
137 115
137 117
137 118
137 119
137 120
137 121
137 122
137 123
137 125
137 128
137 130
137 131
137 134
137 136
138 0
138 1
138 3
138 7
138 8
138 12
138 13
138 14
138 15
138 18
138 21
138 22
138 23
138 28
138 29
138 31
138 32
138 34
138 35
138 38
138 40
138 41
138 42
138 45
138 46
138 47
138 48
138 50
138 53
138 54
138 55
138 56
138 57
138 58
138 59
138 62
138 64
138 66
138 69
138 71
138 73
138 75
138 76
138 77
138 78
138 79
138 80
138 81
138 82
138 83
138 85
138 87
138 89
138 91
138 93
138 95
138 97
138 99
138 100
138 101
138 102
138 103
138 104
138 105
138 106
138 107
138 109
138 111
138 113
138 115
138 116
138 118
138 120
138 122
138 125
138 126
138 127
138 130
138 134
138 135
138 138
139 0
139 3
139 4
139 5
139 6
139 8
139 9
139 10
139 11
139 13
139 15
139 16
139 17
139 21
139 23
139 24
139 25
139 26
139 27
139 29
139 30
139 32
139 33
139 35
139 36
139 37
139 40
139 42
139 43
139 44
139 46
139 48
139 49
139 53
139 55
139 57
139 59
139 60
139 61
139 64
139 65
139 69
139 70
139 73
139 74
139 76
139 78
139 80
139 82
139 85
139 86
139 89
139 90
139 93
139 94
139 97
139 98
139 100
139 102
139 104
139 106
139 109
139 110
139 113
139 114
139 116
139 117
139 120
139 121
139 125
139 127
139 128
139 129
139 134
139 138
139 139
140 0
140 1
140 2
140 4
140 6
140 7
140 9
140 11
140 12
140 15
140 17
140 18
140 19
140 20
140 23
140 25
140 27
140 28
140 30
140 31
140 33
140 34
140 36
140 40
140 41
140 43
140 46
140 47
140 49
140 50
140 51
140 52
140 55
140 56
140 59
140 61
140 62
140 63
140 65
140 66
140 67
140 68
140 70
140 71
140 72
140 74
140 75
140 78
140 79
140 82
140 83
140 84
140 86
140 87
140 88
140 90
140 91
140 92
140 94
140 95
140 96
140 98
140 99
140 102
140 103
140 106
140 107
140 108
140 110
140 111
140 112
140 114
140 115
140 117
140 118
140 119
140 121
140 122
140 123
140 124
140 127
140 129
140 130
140 131
140 132
140 133
140 138
141 0
141 2
141 3
141 6
141 9
141 10
141 12
141 13
141 14
141 17
141 19
141 23
141 24
141 27
141 30
141 33
141 36
141 37
141 38
141 39
141 41
141 42
141 46
141 49
141 51
141 55
141 59
141 60
141 62
141 65
141 67
141 70
141 72
141 73
141 75
141 76
141 77
141 79
141 80
141 81
141 83
141 86
141 88
141 89
141 91
141 94
141 96
141 97
141 99
141 100
141 101
141 103
141 104
141 105
141 107
141 110
141 112
141 113
141 115
141 116
141 118
141 121
141 123
141 127
141 128
141 130
141 132
141 138
141 139
141 140
141 141
142 0
142 1
142 3
142 4
142 5
142 9
142 12
142 14
142 15
142 16
142 19
142 20
142 21
142 22
142 24
142 25
142 26
142 30
142 31
142 32
142 36
142 38
142 41
142 46
142 47
142 48
142 51
142 52
142 53
142 54
142 59
142 62
142 63
142 64
142 67
142 68
142 69
142 72
142 75
142 77
142 78
142 80
142 83
142 84
142 85
142 88
142 91
142 92
142 93
142 96
142 99
142 101
142 102
142 104
142 107
142 108
142 109
142 112
142 115
142 118
142 119
142 120
142 123
142 124
142 125
142 126
142 128
142 129
142 132
142 133
142 134
142 135
142 136
142 137
142 139
142 141
143 0
143 3
143 5
143 6
143 7
143 8
143 12
143 13
143 15
143 19
143 21
143 24
143 26
143 27
143 28
143 29
143 31
143 36
143 37
143 41
143 42
143 43
143 44
143 45
143 47
143 51
143 53
143 59
143 60
143 61
143 63
143 67
143 69
143 70
143 71
143 75
143 76
143 78
143 79
143 83
143 85
143 86
143 87
143 91
143 93
143 94
143 95
143 99
143 100
143 102
143 103
143 107
143 109
143 110
143 111
143 115
143 116
143 117
143 119
143 123
143 125
143 128
143 132
143 134
143 136
143 139
143 140
143 143
144 0
144 1
144 2
144 5
144 7
144 12
144 15
144 16
144 17
144 18
144 21
144 22
144 23
144 26
144 28
144 31
144 32
144 33
144 34
144 35
144 37
144 38
144 39
144 40
144 42
144 44
144 47
144 48
144 49
144 50
144 53
144 54
144 55
144 56
144 57
144 58
144 60
144 63
144 64
144 65
144 66
144 69
144 71
144 72
144 73
144 74
144 76
144 77
144 79
144 80
144 81
144 82
144 85
144 87
144 88
144 89
144 90
144 93
144 95
144 96
144 97
144 98
144 100
144 101
144 103
144 104
144 105
144 106
144 109
144 111
144 112
144 113
144 114
144 116
144 119
144 120
144 121
144 122
144 125
144 126
144 127
144 132
144 133
144 136
144 137
144 138
144 140
144 141
144 142
145 0
145 2
145 3
145 4
145 7
145 8
145 9
145 10
145 11
145 15
145 17
145 21
145 23
145 24
145 25
145 28
145 29
145 30
145 32
145 34
145 37
145 39
145 42
145 43
145 47
145 49
145 53
145 55
145 57
145 60
145 61
145 62
145 64
145 66
145 67
145 68
145 71
145 73
145 76
145 79
145 81
145 85
145 86
145 88
145 90
145 91
145 92
145 95
145 97
145 100
145 103
145 105
145 109
145 110
145 112
145 114
145 115
145 119
145 121
145 125
145 127
145 128
145 129
145 130
145 131
145 133
145 134
145 135
145 137
145 140
145 142
145 143
145 144
146 0
146 1
146 3
146 7
146 9
146 11
146 12
146 13
146 14
146 17
146 18
146 19
146 20
146 23
146 25
146 26
146 27
146 29
146 32
146 33
146 37
146 38
146 42
146 47
146 48
146 53
146 54
146 57
146 58
146 59
146 61
146 64
146 65
146 67
146 71
146 72
146 76
146 77
146 78
146 81
146 82
146 83
146 84
146 86
146 87
146 90
146 92
146 93
146 94
146 97
146 98
146 99
146 103
146 104
146 109
146 112
146 113
146 115
146 116
146 117
146 118
146 121
146 122
146 123
146 124
146 127
146 129
146 131
146 132
146 134
146 137
146 138
146 139
146 142
146 144
146 145
146 146
147 0
147 3
147 4
147 5
147 6
147 9
147 10
147 12
147 14
147 15
147 16
147 18
147 20
147 21
147 22
147 25
147 27
147 28
147 32
147 37
147 42
147 43
147 44
147 45
147 46
147 48
147 49
147 50
147 51
147 52
147 54
147 55
147 56
147 58
147 61
147 62
147 63
147 65
147 66
147 71
147 76
147 78
147 79
147 80
147 82
147 84
147 85
147 87
147 88
147 89
147 92
147 94
147 95
147 96
147 98
147 103
147 109
147 110
147 111
147 113
147 114
147 116
147 118
147 119
147 120
147 122
147 124
147 125
147 126
147 129
147 130
147 132
147 133
147 137
147 139
147 140
147 141
147 144
147 146
148 0
148 1
148 2
148 4
148 6
148 7
148 8
148 10
148 11
148 14
148 16
148 17
148 20
148 22
148 23
148 24
148 27
148 32
148 33
148 34
148 35
148 36
148 42
148 44
148 46
148 47
148 49
148 51
148 54
148 56
148 57
148 61
148 63
148 64
148 66
148 67
148 68
148 69
148 70
148 76
148 77
148 79
148 82
148 83
148 85
148 86
148 88
148 92
148 93
148 95
148 98
148 99
148 100
148 101
148 102
148 109
148 111
148 112
148 114
148 115
148 118
148 120
148 121
148 124
148 126
148 127
148 128
148 130
148 131
148 133
148 134
148 135
148 136
148 139
148 141
148 142
148 143
148 146
148 147
148 148
149 0
149 2
149 3
149 6
149 8
149 9
149 11
149 12
149 13
149 16
149 20
149 21
149 23
149 27
149 28
149 29
149 30
149 31
149 33
149 35
149 42
149 43
149 46
149 49
149 50
149 54
149 55
149 57
149 58
149 59
149 60
149 63
149 66
149 68
149 70
149 71
149 72
149 73
149 74
149 75
149 77
149 78
149 82
149 85
149 88
149 89
149 90
149 91
149 93
149 94
149 98
149 100
149 102
149 103
149 104
149 105
149 106
149 107
149 108
149 111
149 114
149 118
149 119
149 121
149 122
149 123
149 126
149 128
149 129
149 131
149 132
149 134
149 136
149 137
149 138
149 141
149 143
149 144
149 145
149 147
149 149
150 0
150 1
150 3
150 4
150 5
150 8
150 11
150 13
150 14
150 15
150 20
150 23
150 24
150 25
150 26
150 28
150 30
150 33
150 34
150 42
150 46
150 47
150 48
150 50
150 51
150 52
150 53
150 55
150 56
150 58
150 60
150 61
150 62
150 66
150 67
150 70
150 72
150 74
150 77
150 82
150 83
150 84
150 88
150 90
150 93
150 98
150 99
150 102
150 104
150 106
150 108
150 109
150 110
150 114
150 115
150 116
150 117
150 119
150 120
150 122
150 126
150 127
150 129
150 130
150 132
150 133
150 136
150 138
150 139
150 140
150 143
150 145
150 146
150 149
151 0
151 3
151 5
151 6
151 7
151 11
151 12
151 14
151 20
151 21
151 22
151 24
151 26
151 27
151 30
151 31
151 32
151 34
151 35
151 36
151 37
151 38
151 39
151 40
151 41
151 46
151 48
151 49
151 51
151 53
151 54
151 56
151 57
151 60
151 62
151 63
151 64
151 65
151 67
151 68
151 69
151 72
151 73
151 77
151 78
151 79
151 80
151 81
151 83
151 88
151 89
151 93
151 94
151 95
151 96
151 97
151 99
151 100
151 101
151 104
151 105
151 108
151 110
151 111
151 112
151 113
151 115
151 117
151 118
151 120
151 121
151 126
151 129
151 132
151 136
151 137
151 139
151 143
151 144
151 146
151 147
151 148
152 0
152 1
152 2
152 5
152 7
152 8
152 9
152 10
152 12
152 13
152 20
152 22
152 23
152 26
152 30
152 32
152 33
152 35
152 37
152 39
152 41
152 42
152 43
152 44
152 45
152 48
152 51
152 52
152 54
152 55
152 57
152 58
152 59
152 62
152 64
152 67
152 69
152 70
152 71
152 73
152 74
152 75
152 76
152 78
152 80
152 83
152 84
152 85
152 86
152 87
152 89
152 90
152 91
152 92
152 94
152 96
152 99
152 101
152 102
152 103
152 105
152 106
152 107
152 110
152 112
152 115
152 116
152 118
152 119
152 121
152 122
152 123
152 124
152 125
152 129
152 130
152 131
152 136
152 139
152 140
152 141
152 142
152 144
152 145
152 147
153 0
153 2
153 3
153 4
153 7
153 9
153 12
153 20
153 21
153 23
153 24
153 25
153 30
153 31
153 33
153 34
153 37
153 38
153 41
153 43
153 45
153 46
153 47
153 51
153 54
153 57
153 59
153 60
153 61
153 64
153 65
153 66
153 69
153 71
153 72
153 74
153 76
153 77
153 80
153 81
153 82
153 84
153 86
153 89
153 91
153 94
153 95
153 99
153 100
153 102
153 105
153 107
153 108
153 109
153 112
153 113
153 114
153 116
153 117
153 119
153 120
153 122
153 124
153 129
153 131
153 132
153 133
153 134
153 135
153 139
153 141
153 144
153 147
153 148
153 149
153 150
153 151
153 152
153 153
154 0
154 1
154 3
154 7
154 8
154 12
154 13
154 14
154 15
154 16
154 17
154 18
154 19
154 21
154 22
154 24
154 30
154 33
154 37
154 41
154 42
154 45
154 47
154 48
154 49
154 50
154 54
154 55
154 56
154 59
154 61
154 62
154 63
154 65
154 69
154 70
154 72
154 73
154 76
154 80
154 82
154 83
154 86
154 87
154 88
154 91
154 92
154 93
154 95
154 96
154 97
154 98
154 100
154 101
154 105
154 106
154 108
154 112
154 114
154 115
154 117
154 118
154 120
154 121
154 124
154 125
154 126
154 127
154 128
154 131
154 133
154 135
154 136
154 137
154 138
154 141
154 142
154 143
154 147
154 149
154 151
154 153
155 0
155 3
155 4
155 5
155 6
155 8
155 9
155 10
155 11
155 13
155 15
155 17
155 19
155 20
155 22
155 23
155 30
155 31
155 32
155 37
155 38
155 39
155 40
155 42
155 43
155 44
155 47
155 49
155 54
155 56
155 57
155 58
155 61
155 63
155 64
155 69
155 72
155 76
155 77
155 78
155 79
155 82
155 86
155 88
155 89
155 90
155 92
155 95
155 97
155 100
155 105
155 108
155 109
155 110
155 111
155 114
155 117
155 120
155 124
155 126
155 128
155 129
155 130
155 133
155 134
155 136
155 138
155 139
155 140
155 142
155 147
155 148
155 151
155 152
155 155
156 0
156 1
156 2
156 4
156 6
156 7
156 9
156 11
156 12
156 15
156 16
156 19
156 22
156 30
156 32
156 33
156 34
156 35
156 36
156 38
156 40
156 41
156 43
156 47
156 48
156 54
156 55
156 57
156 61
156 62
156 64
156 65
156 66
156 67
156 68
156 72
156 73
156 74
156 75
156 77
156 79
156 80
156 81
156 86
156 87
156 89
156 92
156 93
156 94
156 97
156 98
156 99
156 105
156 106
156 107
156 109
156 111
156 112
156 113
156 117
156 118
156 119
156 124
156 125
156 128
156 130
156 131
156 132
156 134
156 135
156 138
156 140
156 141
156 147
156 151
156 155
156 156
157 0
157 2
157 3
157 6
157 9
157 10
157 12
157 13
157 14
157 16
157 17
157 18
157 22
157 23
157 24
157 25
157 26
157 27
157 28
157 29
157 32
157 34
157 36
157 37
157 40
157 43
157 44
157 45
157 46
157 48
157 49
157 50
157 51
157 52
157 53
157 55
157 56
157 61
157 64
157 66
157 68
157 69
157 70
157 71
157 73
157 75
157 76
157 79
157 81
157 82
157 83
157 84
157 85
157 87
157 88
157 92
157 94
157 95
157 96
157 98
157 105
157 107
157 108
157 111
157 113
157 114
157 115
157 116
157 118
157 124
157 128
157 129
157 131
157 134
157 138
157 139
157 141
157 142
157 143
157 144
157 145
157 146
157 151
157 152
157 153
157 154
157 156
158 0
158 1
158 3
158 4
158 5
158 9
158 12
158 14
158 15
158 17
158 22
158 24
158 26
158 28
158 32
158 33
158 36
158 40
158 41
158 42
158 44
158 46
158 47
158 49
158 51
158 53
158 54
158 56
158 57
158 58
158 59
158 60
158 64
158 65
158 68
158 70
158 73
158 74
158 76
158 77
158 78
158 81
158 83
158 85
158 86
158 88
158 89
158 90
158 91
158 94
158 96
158 97
158 105
158 106
158 108
158 109
158 110
158 113
158 115
158 118
158 119
158 120
158 121
158 122
158 123
158 128
158 131
158 132
158 133
158 138
158 141
158 143
158 145
158 151
158 153
158 156
158 157
159 0
159 3
159 5
159 6
159 7
159 8
159 12
159 13
159 15
159 16
159 22
159 23
159 26
159 27
159 32
159 36
159 37
159 38
159 39
159 41
159 44
159 45
159 47
159 48
159 51
159 52
159 54
159 55
159 57
159 59
159 64
159 68
159 69
159 73
159 76
159 78
159 79
159 80
159 83
159 84
159 86
159 87
159 89
159 91
159 92
159 93
159 96
159 105
159 108
159 110
159 111
159 112
159 115
159 116
159 117
159 119
159 121
159 123
159 124
159 125
159 126
159 127
159 131
159 133
159 134
159 135
159 136
159 137
159 141
159 142
159 145
159 146
159 147
159 148
159 149
159 150
159 153
159 154
159 155
159 157
159 158
159 159
160 0
160 1
160 2
160 5
160 7
160 12
160 15
160 22
160 26
160 32
160 33
160 34
160 35
160 37
160 39
160 40
160 44
160 47
160 51
160 54
160 57
160 58
160 64
160 65
160 66
160 67
160 69
160 70
160 71
160 72
160 76
160 77
160 79
160 83
160 86
160 89
160 90
160 92
160 96
160 97
160 98
160 99
160 100
160 101
160 102
160 103
160 104
160 108
160 109
160 111
160 115
160 117
160 118
160 121
160 122
160 124
160 126
160 131
160 132
160 134
160 136
160 141
160 145
160 147
160 149
160 153
160 155
160 156
160 158
161 0
161 2
161 3
161 4
161 7
161 8
161 9
161 10
161 11
161 15
161 16
161 17
161 18
161 19
161 20
161 21
161 26
161 27
161 28
161 29
161 30
161 31
161 33
161 35
161 36
161 39
161 44
161 45
161 46
161 51
161 52
161 53
161 57
161 64
161 66
161 69
161 71
161 76
161 79
161 80
161 81
161 82
161 86
161 87
161 88
161 90
161 91
161 96
161 98
161 100
161 102
161 104
161 105
161 106
161 107
161 109
161 110
161 115
161 116
161 118
161 119
161 120
161 122
161 123
161 126
161 127
161 128
161 129
161 130
161 132
161 133
161 136
161 137
161 138
161 139
161 140
161 145
161 146
161 149
161 150
161 151
161 152
161 155
161 158
161 159
161 160
161 161
162 0
162 1
162 3
162 7
162 9
162 11
162 12
162 13
162 14
162 16
162 18
162 20
162 26
162 28
162 30
162 33
162 34
162 36
162 37
162 38
162 44
162 46
162 47
162 48
162 49
162 50
162 52
162 57
162 58
162 59
162 60
162 61
162 62
162 63
162 66
162 67
162 68
162 71
162 72
162 73
162 74
162 75
162 79
162 81
162 86
162 88
162 89
162 91
162 92
162 93
162 94
162 95
162 98
162 99
162 102
162 103
162 105
162 107
162 108
162 110
162 111
162 112
162 113
162 114
162 116
162 117
162 119
162 122
162 126
162 128
162 130
162 131
162 133
162 134
162 135
162 137
162 139
162 145
162 149
162 151
162 155
162 156
162 157
162 159
162 161
163 0
163 3
163 4
163 5
163 6
163 9
163 10
163 12
163 14
163 15
163 18
163 19
163 26
163 27
163 30
163 31
163 32
163 34
163 35
163 37
163 44
163 45
163 47
163 49
163 52
163 53
163 54
163 55
163 56
163 58
163 60
163 62
163 66
163 68
163 69
163 70
163 72
163 74
163 79
163 80
163 86
163 87
163 89
163 90
163 92
163 94
163 98
163 102
163 105
163 106
163 108
163 109
163 111
163 113
163 116
163 119
163 120
163 121
163 126
163 127
163 130
163 133
163 135
163 136
163 139
163 140
163 141
163 142
163 143
163 144
163 149
163 150
163 155
163 157
163 158
163 161
163 162
164 0
164 1
164 2
164 4
164 6
164 7
164 8
164 10
164 11
164 14
164 18
164 26
164 30
164 32
164 33
164 35
164 36
164 44
164 47
164 48
164 52
164 54
164 56
164 57
164 60
164 61
164 66
164 67
164 69
164 72
164 73
164 79
164 86
164 89
164 92
164 93
164 98
164 99
164 100
164 101
164 105
164 108
164 111
164 112
164 116
164 117
164 118
164 120
164 126
164 130
164 131
164 132
164 135
164 139
164 141
164 143
164 149
164 155
164 156
164 158
164 159
164 160
164 162
164 163
165 0
165 2
165 3
165 6
165 8
165 9
165 11
165 12
165 13
165 18
165 19
165 20
165 21
165 22
165 23
165 24
165 25
165 30
165 31
165 33
165 34
165 36
165 37
165 38
165 39
165 40
165 41
165 42
165 43
165 47
165 52
165 53
165 56
165 60
165 66
165 69
165 70
165 71
165 73
165 74
165 75
165 76
165 77
165 78
165 86
165 87
165 88
165 92
165 98
165 100
165 105
165 106
165 107
165 111
165 116
165 118
165 119
165 126
165 127
165 128
165 129
165 131
165 135
165 136
165 137
165 138
165 141
165 142
165 149
165 150
165 151
165 152
165 153
165 154
165 156
165 157
165 159
165 162
166 0
166 1
166 3
166 4
166 5
166 8
166 11
166 13
166 14
166 15
166 16
166 17
166 19
166 21
166 23
166 25
166 26
166 27
166 28
166 29
166 31
166 32
166 34
166 35
166 37
166 39
166 41
166 43
166 44
166 45
166 46
166 52
166 56
166 57
166 58
166 59
166 66
166 67
166 68
166 70
166 73
166 75
166 77
166 86
166 88
166 89
166 90
166 91
166 98
166 99
166 105
166 107
166 108
166 109
166 110
166 116
166 117
166 119
166 120
166 121
166 122
166 123
166 124
166 125
166 127
166 129
166 130
166 135
166 137
166 141
166 149
166 151
166 153
166 156
166 159
166 160
166 161
167 0
167 3
167 5
167 6
167 7
167 11
167 12
167 14
167 16
167 19
167 20
167 23
167 24
167 26
167 28
167 31
167 34
167 37
167 38
167 41
167 42
167 44
167 46
167 47
167 48
167 49
167 50
167 51
167 56
167 58
167 66
167 68
167 69
167 73
167 74
167 77
167 78
167 79
167 80
167 81
167 82
167 83
167 84
167 85
167 88
167 90
167 98
167 105
167 106
167 108
167 110
167 111
167 112
167 113
167 114
167 115
167 117
167 118
167 120
167 122
167 124
167 127
167 128
167 130
167 131
167 132
167 133
167 134
167 137
167 138
167 139
167 140
167 149
167 150
167 153
167 154
167 155
167 159
167 161
167 162
167 163
167 164
167 165
167 166
168 0
168 1
168 2
168 5
168 7
168 8
168 9
168 10
168 12
168 13
168 16
168 17
168 18
168 20
168 21
168 22
168 24
168 25
168 28
168 29
168 30
168 34
168 35
168 36
168 38
168 39
168 40
168 42
168 43
168 46
168 48
168 50
168 56
168 57
168 66
168 67
168 69
168 70
168 71
168 72
168 74
168 75
168 76
168 78
168 80
168 82
168 84
168 88
168 89
168 98
168 99
168 100
168 101
168 102
168 103
168 104
168 106
168 107
168 110
168 112
168 114
168 117
168 120
168 121
168 124
168 125
168 126
168 128
168 129
168 131
168 133
168 137
168 139
168 149
168 153
168 155
168 156
168 157
168 158
168 161
168 163
168 165
169 0
169 2
169 3
169 4
169 7
169 9
169 12
169 16
169 18
169 19
169 21
169 24
169 28
169 30
169 31
169 32
169 33
169 35
169 38
169 40
169 41
169 43
169 44
169 45
169 48
169 49
169 56
169 66
169 69
169 71
169 74
169 76
169 77
169 80
169 81
169 84
169 85
169 86
169 87
169 89
169 90
169 91
169 92
169 93
169 94
169 95
169 96
169 97
169 99
169 101
169 103
169 106
169 110
169 111
169 114
169 115
169 116
169 120
169 124
169 126
169 127
169 129
169 130
169 133
169 134
169 135
169 136
169 139
169 140
169 141
169 142
169 143
169 144
169 145
169 146
169 147
169 148
169 153
169 154
169 156
169 158
169 159
169 160
169 163
169 164
169 169
170 0
170 1
170 3
170 7
170 8
170 12
170 13
170 14
170 15
170 18
170 21
170 22
170 23
170 28
170 29
170 31
170 33
170 34
170 38
170 39
170 41
170 42
170 44
170 48
170 56
170 57
170 58
170 59
170 60
170 61
170 62
170 63
170 64
170 65
170 69
170 70
170 74
170 75
170 77
170 78
170 79
170 81
170 82
170 83
170 85
170 87
170 88
170 90
170 92
170 94
170 96
170 99
170 100
170 103
170 104
170 105
170 110
170 114
170 116
170 117
170 118
170 119
170 124
170 125
170 127
170 128
170 130
170 131
170 132
170 134
170 136
170 137
170 138
170 140
170 142
170 144
170 146
170 148
170 149
170 150
170 151
170 152
170 154
170 155
170 158
170 160
170 161
170 162
170 164
170 165
170 166
170 167
170 168
170 170
171 0
171 3
171 4
171 5
171 6
171 8
171 9
171 10
171 11
171 13
171 15
171 16
171 17
171 21
171 23
171 24
171 25
171 26
171 27
171 29
171 30
171 33
171 38
171 41
171 44
171 45
171 46
171 47
171 56
171 58
171 60
171 62
171 64
171 69
171 74
171 77
171 79
171 80
171 82
171 85
171 86
171 88
171 89
171 92
171 93
171 96
171 97
171 98
171 100
171 101
171 102
171 104
171 110
171 111
171 112
171 113
171 116
171 118
171 124
171 127
171 130
171 132
171 133
171 136
171 138
171 139
171 142
171 143
171 146
171 147
171 149
171 151
171 154
171 158
171 159
171 161
171 164
171 166
171 168
171 169
171 171
172 0
172 1
172 2
172 4
172 6
172 7
172 9
172 11
172 12
172 15
172 17
172 18
172 19
172 20
172 23
172 25
172 27
172 28
172 30
172 31
172 32
172 38
172 39
172 40
172 44
172 46
172 56
172 57
172 60
172 61
172 64
172 65
172 66
172 67
172 68
172 74
172 75
172 76
172 79
172 82
172 83
172 84
172 86
172 87
172 89
172 90
172 91
172 93
172 94
172 95
172 97
172 100
172 102
172 103
172 110
172 112
172 116
172 117
172 124
172 125
172 126
172 130
172 131
172 133
172 134
172 135
172 138
172 142
172 146
172 149
172 150
172 154
172 155
172 156
172 157
172 159
172 160
172 164
172 165
172 168
172 171
172 172
173 0
173 2
173 3
173 6
173 9
173 10
173 12
173 13
173 14
173 17
173 19
173 23
173 24
173 27
173 30
173 32
173 33
173 34
173 35
173 36
173 37
173 39
173 44
173 45
173 56
173 60
173 64
173 66
173 68
173 69
173 70
173 71
173 72
173 73
173 75
173 79
173 80
173 81
173 83
173 86
173 89
173 91
173 92
173 94
173 97
173 98
173 99
173 102
173 110
173 111
173 116
173 124
173 126
173 127
173 128
173 129
173 131
173 132
173 134
173 138
173 139
173 140
173 141
173 146
173 147
173 148
173 150
173 151
173 152
173 153
173 155
173 157
173 158
173 160
173 161
173 162
173 163
173 165
173 166
173 167
173 171
174 0
174 1
174 3
174 4
174 5
174 9
174 12
174 14
174 15
174 16
174 19
174 20
174 21
174 22
174 24
174 25
174 26
174 30
174 31
174 33
174 35
174 37
174 38
174 44
174 56
174 57
174 58
174 59
174 64
174 65
174 68
174 70
174 72
174 75
174 76
174 77
174 78
174 80
174 83
174 84
174 85
174 89
174 90
174 92
174 93
174 97
174 99
174 100
174 101
174 110
174 116
174 117
174 118
174 119
174 120
174 121
174 122
174 123
174 126
174 128
174 131
174 134
174 135
174 136
174 137
174 139
174 141
174 142
174 143
174 144
174 145
174 147
174 150
174 152
174 155
174 156
174 158
174 159
174 161
174 163
174 164
174 166
174 171
174 172
174 173
174 174
175 0
175 3
175 5
175 6
175 7
175 8
175 12
175 13
175 15
175 19
175 21
175 24
175 26
175 27
175 28
175 29
175 31
175 32
175 35
175 36
175 38
175 39
175 40
175 41
175 42
175 43
175 56
175 58
175 64
175 68
175 69
175 72
175 73
175 74
175 76
175 78
175 79
175 83
175 85
175 86
175 87
175 88
175 90
175 91
175 93
175 94
175 95
175 96
175 99
175 101
175 102
175 103
175 104
175 105
175 106
175 107
175 108
175 109
175 116
175 118
175 120
175 122
175 126
175 127
175 131
175 132
175 133
175 135
175 137
175 138
175 141
175 143
175 145
175 146
175 150
175 151
175 155
175 158
175 161
175 162
175 164
175 165
175 171
175 173
176 0
176 1
176 2
176 5
176 7
176 12
176 15
176 16
176 17
176 18
176 21
176 22
176 23
176 26
176 28
176 31
176 35
176 38
176 40
176 42
176 56
176 57
176 64
176 65
176 66
176 67
176 69
176 70
176 71
176 73
176 76
176 77
176 79
176 80
176 81
176 82
176 85
176 87
176 90
176 93
176 95
176 99
176 100
176 102
176 104
176 106
176 108
176 116
176 117
176 120
176 121
176 126
176 131
176 133
176 134
176 137
176 141
176 142
176 145
176 150
176 155
176 156
176 157
176 161
176 164
176 171
176 172
176 176
177 0
177 2
177 3
177 4
177 7
177 8
177 9
177 10
177 11
177 15
177 17
177 21
177 23
177 24
177 25
177 28
177 29
177 30
177 35
177 36
177 37
177 40
177 41
177 56
177 64
177 66
177 69
177 71
177 72
177 76
177 79
177 81
177 85
177 86
177 90
177 91
177 92
177 95
177 96
177 97
177 98
177 100
177 101
177 104
177 105
177 108
177 109
177 110
177 111
177 112
177 113
177 114
177 115
177 117
177 118
177 119
177 121
177 122
177 123
177 124
177 125
177 131
177 132
177 134
177 135
177 136
177 141
177 145
177 146
177 147
177 148
177 149
177 155
177 157
177 158
177 159
177 160
177 164
177 165
177 166
177 167
177 168
177 169
177 170
177 172
177 173
177 174
177 175
178 0
178 1
178 3
178 7
178 9
178 11
178 12
178 13
178 14
178 17
178 18
178 19
178 20
178 23
178 25
178 26
178 27
178 29
178 35
178 37
178 38
178 39
178 41
178 42
178 43
178 44
178 45
178 46
178 47
178 48
178 49
178 50
178 51
178 52
178 53
178 54
178 55
178 64
178 65
178 69
178 70
178 72
178 73
178 74
178 75
178 79
178 80
178 85
178 90
178 92
178 93
178 94
178 96
178 98
178 99
178 101
178 102
178 103
178 105
178 106
178 107
178 109
178 111
178 113
178 115
178 116
178 118
178 121
178 123
178 125
178 126
178 127
178 128
178 129
178 130
178 132
178 133
178 135
178 141
178 142
178 143
178 144
178 146
178 148
178 155
178 156
178 158
178 160
178 161
178 162
178 163
178 165
178 167
178 169
178 172
178 174
179 0
179 3
179 4
179 5
179 6
179 9
179 10
179 12
179 14
179 15
179 16
179 18
179 20
179 21
179 22
179 25
179 27
179 28
179 35
179 36
179 38
179 41
179 43
179 45
179 47
179 49
179 51
179 53
179 55
179 56
179 57
179 58
179 59
179 60
179 61
179 62
179 63
179 65
179 66
179 67
179 68
179 70
179 71
179 73
179 75
179 76
179 77
179 78
179 80
179 81
179 82
179 83
179 84
179 90
179 91
179 93
179 96
179 97
179 99
179 100
179 102
179 105
179 107
179 108
179 111
179 112
179 115
179 118
179 119
179 120
179 123
179 124
179 126
179 128
179 130
179 131
179 133
179 134
179 141
179 143
179 146
179 147
179 155
179 158
179 159
179 161
179 163
179 164
179 167
179 168
179 172
179 173
180 0
180 1
180 2
180 4
180 6
180 7
180 8
180 10
180 11
180 14
180 16
180 17
180 20
180 22
180 23
180 24
180 27
180 35
180 38
180 39
180 40
180 43
180 44
180 47
180 48
180 51
180 52
180 55
180 57
180 59
180 61
180 63
180 64
180 66
180 68
180 69
180 71
180 72
180 75
180 77
180 80
180 82
180 84
180 85
180 86
180 87
180 88
180 89
180 91
180 92
180 96
180 99
180 102
180 103
180 104
180 107
180 111
180 115
180 116
180 117
180 119
180 123
180 126
180 127
180 130
180 133
180 141
180 142
180 146
180 155
180 156
180 157
180 159
180 160
180 163
180 167
180 172
180 180
181 0
181 2
181 3
181 6
181 8
181 9
181 11
181 12
181 13
181 16
181 20
181 21
181 23
181 27
181 28
181 29
181 30
181 31
181 32
181 33
181 34
181 38
181 40
181 41
181 42
181 44
181 45
181 46
181 48
181 49
181 50
181 52
181 53
181 54
181 57
181 58
181 61
181 62
181 64
181 65
181 68
181 71
181 75
181 76
181 80
181 81
181 84
181 86
181 88
181 91
181 96
181 97
181 98
181 102
181 104
181 105
181 106
181 111
181 112
181 113
181 114
181 116
181 119
181 120
181 121
181 122
181 126
181 130
181 131
181 132
181 141
181 146
181 147
181 148
181 149
181 150
181 151
181 152
181 153
181 154
181 156
181 159
181 163
181 164
181 165
181 166
181 172
181 173
181 174
181 175
181 176
181 177
181 178
181 179
181 181
182 0
182 1
182 3
182 4
182 5
182 8
182 11
182 13
182 14
182 15
182 20
182 23
182 24
182 25
182 26
182 28
182 30
182 32
182 34
182 35
182 36
182 37
182 40
182 42
182 43
182 45
182 48
182 50
182 51
182 53
182 57
182 61
182 64
182 68
182 69
182 70
182 75
182 80
182 84
182 85
182 88
182 89
182 90
182 96
182 98
182 99
182 100
182 101
182 104
182 106
182 107
182 108
182 109
182 110
182 112
182 114
182 115
182 119
182 121
182 126
182 127
182 128
182 129
182 131
182 141
182 142
182 143
182 144
182 145
182 147
182 149
182 151
182 153
182 156
182 157
182 158
182 163
182 165
182 172
182 174
182 176
182 178
182 181
183 0
183 3
183 5
183 6
183 7
183 11
183 12
183 14
183 20
183 21
183 22
183 24
183 26
183 27
183 30
183 31
183 34
183 36
183 40
183 41
183 43
183 44
183 48
183 49
183 51
183 52
183 57
183 58
183 59
183 60
183 64
183 65
183 66
183 67
183 69
183 75
183 76
183 77
183 78
183 79
183 84
183 88
183 90
183 91
183 92
183 93
183 94
183 95
183 98
183 100
183 104
183 105
183 107
183 109
183 112
183 113
183 115
183 116
183 117
183 118
183 121
183 122
183 123
183 124
183 125
183 127
183 129
183 130
183 141
183 143
183 145
183 146
183 149
183 150
183 153
183 154
183 155
183 157
183 163
183 164
183 172
183 173
183 176
183 177
183 181
183 182
184 0
184 1
184 2
184 5
184 7
184 8
184 9
184 10
184 12
184 13
184 20
184 22
184 23
184 26
184 30
184 34
184 35
184 40
184 43
184 48
184 51
184 57
184 59
184 64
184 66
184 69
184 70
184 71
184 72
184 73
184 74
184 76
184 78
184 84
184 85
184 86
184 87
184 90
184 92
184 94
184 98
184 99
184 104
184 107
184 108
184 112
184 115
184 117
184 121
184 123
184 125
184 126
184 129
184 141
184 142
184 145
184 149
184 153
184 155
184 156
184 163
184 172
184 176
184 181
184 184
185 0
185 2
185 3
185 4
185 7
185 9
185 12
185 20
185 21
185 23
185 24
185 25
185 30
185 31
185 32
185 33
185 35
185 36
185 37
185 38
185 39
185 43
185 44
185 45
185 46
185 47
185 51
185 52
185 53
185 54
185 55
185 56
185 59
185 60
185 61
185 62
185 63
185 66
185 67
185 68
185 70
185 72
185 74
185 75
185 78
185 79
185 80
185 81
185 82
185 83
185 85
185 87
185 88
185 89
185 92
185 93
185 98
185 104
185 105
185 106
185 108
185 109
185 110
185 111
185 115
185 116
185 121
185 122
185 125
185 129
185 130
185 131
185 132
185 133
185 134
185 135
185 136
185 137
185 138
185 139
185 140
185 142
185 143
185 144
185 149
185 150
185 151
185 152
185 155
185 163
185 164
185 165
185 166
185 167
185 168
185 169
185 170
185 171
185 176
185 177
185 178
185 179
185 180
185 184
185 185
186 0
186 1
186 3
186 7
186 8
186 12
186 13
186 14
186 15
186 16
186 17
186 18
186 19
186 21
186 22
186 24
186 30
186 32
186 35
186 37
186 39
186 40
186 41
186 42
186 44
186 46
186 51
186 53
186 55
186 59
186 61
186 63
186 64
186 65
186 67
186 70
186 71
186 74
186 78
186 80
186 82
186 85
186 86
186 88
186 92
186 98
186 99
186 100
186 101
186 102
186 103
186 105
186 108
186 110
186 115
186 121
186 125
186 126
186 127
186 128
186 130
186 132
186 134
186 136
186 138
186 140
186 141
186 143
186 149
186 151
186 155
186 156
186 157
186 158
186 159
186 160
186 161
186 162
186 164
186 166
186 168
186 170
186 176
186 178
186 180
186 181
186 182
186 183
186 185
187 0
187 3
187 4
187 5
187 6
187 8
187 9
187 10
187 11
187 13
187 15
187 17
187 19
187 20
187 22
187 23
187 30
187 31
187 35
187 36
187 39
187 41
187 44
187 45
187 51
187 52
187 55
187 56
187 57
187 58
187 61
187 62
187 64
187 67
187 68
187 69
187 71
187 72
187 73
187 78
187 79
187 82
187 83
187 84
187 86
187 87
187 92
187 93
187 94
187 95
187 96
187 97
187 99
187 101
187 103
187 104
187 108
187 109
187 115
187 116
187 117
187 118
187 119
187 120
187 125
187 127
187 130
187 131
187 134
187 135
187 138
187 139
187 141
187 142
187 149
187 150
187 155
187 157
187 159
187 161
187 164
187 165
187 168
187 169
187 176
187 177
187 180
187 182
187 185
187 186
187 187
188 0
188 1
188 2
188 4
188 6
188 7
188 9
188 11
188 12
188 15
188 16
188 19
188 22
188 30
188 35
188 39
188 40
188 44
188 51
188 55
188 57
188 61
188 64
188 65
188 66
188 68
188 71
188 73
188 74
188 75
188 76
188 77
188 79
188 80
188 81
188 83
188 86
188 92
188 94
188 96
188 99
188 100
188 103
188 108
188 115
188 117
188 119
188 125
188 126
188 130
188 134
188 138
188 141
188 149
188 155
188 156
188 159
188 160
188 164
188 168
188 176
188 180
188 181
188 185
188 187
189 0
189 2
189 3
189 6
189 9
189 10
189 12
189 13
189 14
189 16
189 17
189 18
189 22
189 23
189 24
189 25
189 26
189 27
189 28
189 29
189 35
189 36
189 37
189 38
189 40
189 41
189 42
189 43
189 51
189 52
189 53
189 54
189 57
189 58
189 59
189 60
189 64
189 66
189 67
189 71
189 72
189 74
189 76
189 79
189 81
189 82
189 86
189 87
189 88
189 89
189 90
189 91
189 94
189 95
189 99
189 103
189 104
189 105
189 106
189 107
189 115
189 116
189 119
189 120
189 121
189 122
189 123
189 124
189 126
189 127
189 128
189 129
189 134
189 135
189 136
189 137
189 141
189 142
189 143
189 144
189 145
189 146
189 147
189 148
189 155
189 159
189 164
189 165
189 166
189 167
189 176
189 177
189 178
189 179
189 181
189 182
189 183
189 184
189 187
189 188
189 189
190 0
190 1
190 3
190 4
190 5
190 9
190 12
190 14
190 15
190 17
190 22
190 24
190 26
190 28
190 35
190 37
190 40
190 42
190 51
190 53
190 57
190 59
190 64
190 65
190 67
190 68
190 69
190 70
190 72
190 73
190 76
190 77
190 78
190 81
190 86
190 88
190 90
190 94
190 99
190 100
190 101
190 102
190 104
190 106
190 115
190 119
190 121
190 123
190 126
190 128
190 134
190 136
190 141
190 143
190 145
190 147
190 155
190 156
190 157
190 158
190 164
190 166
190 176
190 178
190 181
190 183
190 187
190 189
190 190
191 0
191 3
191 5
191 6
191 7
191 8
191 12
191 13
191 15
191 16
191 22
191 23
191 26
191 27
191 35
191 36
191 40
191 41
191 51
191 52
191 57
191 58
191 64
191 67
191 69
191 72
191 76
191 78
191 79
191 80
191 86
191 87
191 90
191 91
191 92
191 93
191 99
191 101
191 104
191 105
191 115
191 116
191 117
191 118
191 121
191 122
191 126
191 127
191 134
191 135
191 141
191 142
191 145
191 146
191 155
191 157
191 164
191 165
191 176
191 177
191 181
191 182
191 187
191 188
191 190
191 191
192 0
192 1
192 2
192 5
192 7
192 12
192 15
192 22
192 26
192 35
192 40
192 51
192 57
192 64
192 65
192 66
192 69
192 70
192 71
192 76
192 77
192 79
192 86
192 90
192 92
192 99
192 100
192 104
192 115
192 117
192 121
192 126
192 134
192 141
192 145
192 155
192 156
192 164
192 176
192 181
192 187
192 190
193 0
193 2
193 3
193 4
193 7
193 8
193 9
193 10
193 11
193 15
193 16
193 17
193 18
193 19
193 20
193 21
193 26
193 27
193 28
193 29
193 30
193 31
193 32
193 33
193 34
193 40
193 41
193 42
193 43
193 44
193 45
193 46
193 47
193 48
193 49
193 50
193 57
193 58
193 59
193 60
193 61
193 62
193 63
193 65
193 69
193 71
193 72
193 73
193 74
193 75
193 77
193 78
193 86
193 87
193 88
193 89
193 92
193 93
193 94
193 95
193 96
193 97
193 98
193 100
193 101
193 102
193 103
193 115
193 116
193 121
193 122
193 123
193 124
193 125
193 134
193 135
193 136
193 137
193 138
193 139
193 140
193 145
193 146
193 147
193 148
193 149
193 150
193 151
193 152
193 153
193 154
193 156
193 157
193 158
193 159
193 160
193 161
193 162
193 163
193 176
193 177
193 178
193 179
193 180
193 187
193 188
193 189
194 0
194 1
194 3
194 7
194 9
194 11
194 12
194 13
194 14
194 16
194 18
194 20
194 26
194 28
194 30
194 32
194 34
194 35
194 36
194 37
194 38
194 39
194 41
194 43
194 45
194 47
194 49
194 57
194 59
194 61
194 63
194 64
194 69
194 70
194 72
194 74
194 77
194 86
194 88
194 92
194 94
194 96
194 98
194 99
194 101
194 103
194 104
194 105
194 106
194 107
194 108
194 109
194 110
194 111
194 112
194 113
194 114
194 116
194 117
194 118
194 119
194 120
194 122
194 124
194 134
194 136
194 138
194 140
194 141
194 142
194 143
194 144
194 146
194 148
194 150
194 152
194 154
194 155
194 157
194 159
194 161
194 163
194 164
194 165
194 166
194 167
194 168
194 169
194 170
194 171
194 172
194 173
194 174
194 175
194 177
194 179
194 187
194 189
194 190
194 191
194 192
194 193
194 194
195 0
195 3
195 4
195 5
195 6
195 9
195 10
195 12
195 14
195 15
195 18
195 19
195 26
195 27
195 30
195 31
195 34
195 36
195 38
195 41
195 42
195 45
195 46
195 49
195 50
195 51
195 52
195 53
195 54
195 55
195 56
195 59
195 60
195 63
195 69
195 72
195 73
195 77
195 78
195 79
195 80
195 81
195 82
195 83
195 84
195 85
195 88
195 89
195 90
195 91
195 94
195 95
195 98
195 101
195 102
195 104
195 106
195 108
195 110
195 112
195 114
195 115
195 117
195 119
195 122
195 123
195 134
195 135
195 138
195 139
195 141
195 143
195 146
195 147
195 150
195 151
195 154
195 157
195 158
195 161
195 162
195 164
195 166
195 168
195 170
195 172
195 174
195 177
195 178
195 187
195 188
195 190
195 192
195 194
196 0
196 1
196 2
196 4
196 6
196 7
196 8
196 10
196 11
196 14
196 18
196 26
196 30
196 34
196 35
196 38
196 39
196 40
196 42
196 43
196 44
196 46
196 47
196 48
196 50
196 52
196 54
196 56
196 57
196 58
196 60
196 61
196 62
196 69
196 70
196 71
196 73
196 74
196 75
196 76
196 78
196 80
196 82
196 84
196 88
196 90
196 94
196 98
196 99
196 100
196 102
196 103
196 106
196 107
196 110
196 111
196 114
196 117
196 118
196 122
196 134
196 138
196 141
196 142
196 146
196 150
196 154
196 155
196 156
196 158
196 159
196 160
196 162
196 163
196 166
196 167
196 170
196 171
196 174
196 175
196 176
196 178
196 179
196 180
196 181
196 182
196 183
196 184
196 185
196 186
196 188
196 189
196 192
196 193
196 196
197 0
197 2
197 3
197 6
197 8
197 9
197 11
197 12
197 13
197 18
197 19
197 20
197 21
197 22
197 23
197 24
197 25
197 30
197 31
197 32
197 33
197 35
197 36
197 37
197 39
197 42
197 44
197 45
197 47
197 50
197 51
197 54
197 55
197 57
197 60
197 62
197 63
197 64
197 65
197 66
197 67
197 68
197 70
197 73
197 75
197 78
197 79
197 82
197 83
197 88
197 89
197 94
197 95
197 96
197 97
197 99
197 102
197 106
197 110
197 114
197 115
197 116
197 118
197 119
197 120
197 121
197 134
197 135
197 136
197 137
197 141
197 146
197 147
197 148
197 149
197 154
197 156
197 157
197 159
197 162
197 166
197 170
197 174
197 176
197 177
197 179
197 181
197 183
197 185
197 188
197 192
197 196
198 0
198 1
198 3
198 4
198 5
198 8
198 11
198 13
198 14
198 15
198 16
198 17
198 19
198 21
198 23
198 25
198 26
198 27
198 28
198 29
198 31
198 33
198 34
198 36
198 39
198 40
198 41
198 44
198 47
198 48
198 49
198 51
198 52
198 53
198 55
198 56
198 60
198 61
198 63
198 65
198 67
198 70
198 71
198 72
198 75
198 76
198 77
198 79
198 80
198 81
198 83
198 84
198 85
198 86
198 87
198 89
198 90
198 91
198 92
198 93
198 95
198 97
198 98
198 102
198 103
198 104
198 105
198 110
198 111
198 112
198 113
198 115
198 118
198 120
198 134
198 136
198 141
198 142
198 143
198 144
198 145
198 147
198 149
198 150
198 151
198 152
198 153
198 156
198 159
198 160
198 161
198 166
198 167
198 168
198 169
198 174
198 175
198 177
198 178
198 181
198 182
198 185
198 186
198 187
198 192
198 193
198 194
198 195
199 0
199 3
199 5
199 6
199 7
199 11
199 12
199 14
199 16
199 19
199 20
199 23
199 24
199 26
199 28
199 31
199 32
199 34
199 35
199 39
199 41
199 42
199 43
199 47
199 49
199 50
199 52
199 55
199 60
199 63
199 64
199 67
199 68
199 69
199 71
199 75
199 77
199 78
199 80
199 83
199 85
199 87
199 88
199 90
199 92
199 95
199 96
199 98
199 99
199 100
199 101
199 103
199 105
199 106
199 107
199 108
199 109
199 111
199 113
199 114
199 118
199 119
199 134
199 135
199 141
199 143
199 145
199 146
199 149
199 151
199 153
199 154
199 155
199 159
199 161
199 162
199 163
199 164
199 165
199 167
199 169
199 170
199 171
199 172
199 173
199 175
199 176
199 178
199 179
199 180
199 182
199 183
199 184
199 186
199 192
199 194
200 0
200 1
200 2
200 5
200 7
200 8
200 9
200 10
200 12
200 13
200 16
200 17
200 18
200 20
200 21
200 22
200 24
200 25
200 28
200 29
200 30
200 32
200 33
200 35
200 36
200 37
200 38
200 41
200 43
200 44
200 45
200 46
200 49
200 52
200 53
200 54
200 60
200 61
200 62
200 64
200 65
200 66
200 68
200 71
200 72
200 73
200 74
200 77
200 80
200 81
200 82
200 85
200 86
200 88
200 89
200 92
200 93
200 94
200 96
200 97
200 99
200 101
200 102
200 105
200 107
200 109
200 110
200 113
200 118
200 134
200 141
200 142
200 145
200 149
200 150
200 153
200 155
200 156
200 157
200 158
200 161
200 163
200 165
200 166
200 169
200 171
200 173
200 174
200 176
200 177
200 179
200 182
200 184
200 185
200 192
200 193
200 200
201 0
201 2
201 3
201 4
201 7
201 9
201 12
201 16
201 18
201 19
201 21
201 24
201 28
201 30
201 31
201 33
201 34
201 36
201 38
201 39
201 40
201 43
201 45
201 49
201 50
201 51
201 53
201 60
201 62
201 63
201 65
201 68
201 69
201 70
201 72
201 74
201 75
201 76
201 80
201 82
201 83
201 84
201 86
201 87
201 89
201 90
201 91
201 93
201 96
201 99
201 100
201 102
201 103
201 104
201 107
201 108
201 110
201 111
201 112
201 118
201 119
201 120
201 121
201 122
201 123
201 124
201 125
201 126
201 127
201 128
201 129
201 130
201 131
201 132
201 133
201 141
201 145
201 146
201 147
201 148
201 150
201 151
201 152
201 155
201 157
201 161
201 162
201 165
201 169
201 170
201 173
201 176
201 179
201 180
201 181
201 184
201 192
201 200
202 0
202 1
202 3
202 7
202 8
202 12
202 13
202 14
202 15
202 18
202 21
202 22
202 23
202 28
202 29
202 31
202 32
202 34
202 35
202 38
202 40
202 41
202 42
202 45
202 46
202 47
202 48
202 50
202 53
202 54
202 55
202 56
202 57
202 58
202 59
202 62
202 65
202 66
202 67
202 69
202 72
202 73
202 75
202 80
202 81
202 83
202 86
202 89
202 91
202 92
202 96
202 97
202 98
202 100
202 101
202 103
202 107
202 110
202 112
202 113
202 114
202 115
202 116
202 117
202 119
202 121
202 123
202 125
202 127
202 129
202 131
202 133
202 134
202 135
202 136
202 137
202 138
202 139
202 140
202 145
202 147
202 150
202 152
202 153
202 154
202 157
202 158
202 159
202 160
202 162
202 163
202 164
202 169
202 173
202 174
202 175
202 179
202 181
202 182
202 183
202 192
202 193
202 194
202 195
202 196
202 197
202 198
202 199
203 0
203 3
203 4
203 5
203 6
203 8
203 9
203 10
203 11
203 13
203 15
203 16
203 17
203 21
203 23
203 24
203 25
203 26
203 27
203 29
203 30
203 32
203 33
203 35
203 36
203 37
203 40
203 42
203 43
203 44
203 46
203 48
203 49
203 53
203 55
203 57
203 59
203 60
203 61
203 65
203 67
203 68
203 72
203 75
203 76
203 77
203 78
203 79
203 81
203 82
203 86
203 87
203 88
203 91
203 96
203 98
203 99
203 101
203 102
203 107
203 108
203 109
203 112
203 114
203 116
203 119
203 120
203 123
203 124
203 127
203 128
203 131
203 132
203 134
203 136
203 138
203 140
203 141
203 142
203 143
203 144
203 147
203 148
203 149
203 152
203 154
203 155
203 156
203 158
203 160
203 161
203 163
203 169
203 170
203 171
203 172
203 174
203 179
203 180
203 182
203 192
203 194
203 196
203 198
204 0
204 1
204 2
204 4
204 6
204 7
204 9
204 11
204 12
204 15
204 17
204 18
204 19
204 20
204 23
204 25
204 27
204 28
204 30
204 31
204 33
204 34
204 36
204 40
204 41
204 43
204 46
204 47
204 49
204 50
204 51
204 52
204 55
204 56
204 59
204 61
204 62
204 63
204 64
204 67
204 72
204 73
204 74
204 76
204 78
204 81
204 86
204 88
204 89
204 90
204 96
204 97
204 99
204 100
204 102
204 103
204 104
204 105
204 106
204 108
204 112
204 113
204 116
204 117
204 118
204 120
204 121
204 122
204 124
204 125
204 126
204 128
204 129
204 130
204 132
204 133
204 136
204 137
204 140
204 142
204 144
204 145
204 146
204 148
204 152
204 153
204 155
204 158
204 159
204 161
204 162
204 169
204 171
204 174
204 175
204 176
204 177
204 178
204 180
204 181
204 192
204 193
204 196
204 197
205 0
205 2
205 3
205 6
205 9
205 10
205 12
205 13
205 14
205 17
205 19
205 23
205 24
205 27
205 30
205 33
205 36
205 37
205 38
205 39
205 41
205 42
205 46
205 49
205 51
205 55
205 59
205 60
205 62
205 64
205 65
205 66
205 72
205 74
205 75
205 78
205 79
205 80
205 86
205 87
205 89
205 96
205 99
205 102
205 104
205 106
205 107
205 112
205 116
205 118
205 119
205 121
205 124
205 126
205 127
205 129
205 132
205 136
205 140
205 141
205 144
205 146
205 147
205 152
205 155
205 156
205 157
205 159
205 160
205 162
205 163
205 164
205 165
205 166
205 167
205 168
205 171
205 172
205 173
205 175
205 177
205 180
205 192
205 196
206 0
206 1
206 3
206 4
206 5
206 9
206 12
206 14
206 15
206 16
206 19
206 20
206 21
206 22
206 24
206 25
206 26
206 30
206 31
206 32
206 36
206 38
206 41
206 46
206 47
206 48
206 51
206 52
206 53
206 54
206 59
206 62
206 63
206 65
206 72
206 73
206 75
206 76
206 77
206 79
206 86
206 89
206 90
206 91
206 92
206 93
206 94
206 95
206 99
206 100
206 101
206 104
206 105
206 107
206 108
206 109
206 110
206 111
206 116
206 117
206 119
206 120
206 124
206 125
206 127
206 128
206 132
206 133
206 134
206 135
206 140
206 144
206 145
206 147
206 148
206 149
206 150
206 151
206 155
206 157
206 158
206 160
206 161
206 163
206 165
206 167
206 171
206 173
206 174
206 177
206 178
206 179
206 192
206 193
206 194
206 195
207 0
207 3
207 5
207 6
207 7
207 8
207 12
207 13
207 15
207 19
207 21
207 24
207 26
207 27
207 28
207 29
207 31
207 36
207 37
207 41
207 42
207 43
207 44
207 45
207 47
207 51
207 53
207 59
207 60
207 61
207 63
207 64
207 72
207 75
207 77
207 78
207 86
207 87
207 88
207 90
207 92
207 94
207 99
207 101
207 102
207 103
207 105
207 106
207 108
207 110
207 116
207 119
207 124
207 127
207 132
207 134
207 140
207 141
207 142
207 143
207 145
207 146
207 148
207 150
207 155
207 156
207 158
207 159
207 161
207 162
207 165
207 166
207 171
207 172
207 174
207 175
207 176
207 178
207 192
207 194
208 0
208 1
208 2
208 5
208 7
208 12
208 15
208 16
208 17
208 18
208 21
208 22
208 23
208 26
208 28
208 31
208 32
208 33
208 34
208 35
208 37
208 38
208 39
208 40
208 42
208 44
208 47
208 48
208 49
208 50
208 53
208 54
208 55
208 56
208 57
208 58
208 60
208 63
208 72
208 73
208 74
208 77
208 86
208 88
208 89
208 92
208 93
208 99
208 100
208 102
208 105
208 108
208 109
208 116
208 117
208 118
208 124
208 125
208 126
208 132
208 133
208 140
208 142
208 145
208 148
208 149
208 155
208 158
208 161
208 165
208 171
208 174
208 176
208 177
208 192
208 193
208 208
209 0
209 2
209 3
209 4
209 7
209 8
209 9
209 10
209 11
209 15
209 17
209 21
209 23
209 24
209 25
209 28
209 29
209 30
209 32
209 34
209 37
209 39
209 42
209 43
209 47
209 49
209 53
209 55
209 57
209 60
209 61
209 62
209 72
209 74
209 75
209 76
209 86
209 87
209 89
209 90
209 91
209 93
209 94
209 95
209 96
209 97
209 98
209 100
209 101
209 105
209 106
209 107
209 109
209 110
209 111
209 112
209 113
209 114
209 115
209 117
209 124
209 126
209 127
209 128
209 129
209 130
209 131
209 133
209 134
209 135
209 136
209 137
209 138
209 139
209 142
209 143
209 144
209 148
209 155
209 156
209 157
209 161
209 162
209 163
209 164
209 171
209 172
209 173
209 176
209 192
209 208
209 209
